13 1
4 41
50 74
1 37
77 12
76 72
55 84
7 79
79 60
31 46
63 44
65 66
28 87
21 28
25 25
84 7
14 46
6 58
40 78
42 100
21 52
32 79
37 1
38 81
55 93
90 55
13 28
100 80
19 13
77 12
25 35
60 15
77 69
44 30
40 56
56 100
41 69
79 66
20 50
69 2
56 92
74 12
8 1
9 47
67 71
86 78
90 9
16 35
44 38
44 4
71 75
82 34
49 57
36 52
97 24
47 36
35 51
80 58
8 55
12 18
42 45
7 90
65 97
56 47
80 72
47 71
8 90
46 84
14 91
62 27
29 24
27 77
23 48
69 43
31 18
88 9
26 40
30 55
54 85
80 23
88 66
5 12
13 33
61 85
22 42
46 40
23 53
71 16
29 12
64 32
57 89
35 3
41 92
3 96
75 70
23 54
9 18
17 35
86 10
98 94
58 19
14 74
78 44
28 81
79 20
3 34
35 56
14 90
52 16
55 17
25 71
41 5
68 11
88 82
56 1
61 77
85 57
28 38
16 10
73 29
68 96
66 71
63 11
31 42
67 32
32 58
84 50
36 20
70 62
3 71
8 38
9 57
75 74
55 15
56 88
73 84
95 80
80 33
37 64
69 61
13 33
70 65
78 92
32 8
26 92
83 96
11 13
28 53
41 64
7 33
54 68
98 33
51 67
85 63
84 35
97 22
25 27
43 98
11 34
59 90
66 24
98 54
52 57
78 47
43 68
42 74
75 73
27 91
68 5
60 45
18 70
90 53
5 26
66 72
12 1
64 86
85 77
10 3
3 53
27 22
72 81
76 12
99 9
5 30
55 24
40 8
95 46
4 94
90 84
90 11
1 18
100 16
13 36
78 90
85 90
2 94
89 22
28 7
7 87
15 23
39 77
61 95
39 21
74 25
24 11
36 8
74 60
57 26
71 32
17 14
88 21
53 68
8 66
69 8
100 65
46 10
86 31
57 67
30 12
30 23
34 23
38 60
26 82
68 67
89 51
46 30
80 42
36 23
85 62
88 96
4 94
89 51
41 80
38 64
19 12
82 18
32 61
76 21
70 14
40 98
80 90
49 68
94 36
65 68
16 20
73 14
64 64
94 79
64 4
74 71
61 51
43 34
57 75
85 50
65 99
96 12
59 63
3 67
71 55
93 93
21 55
32 68
52 67
6 78
8 32
35 37
94 82
40 98
41 4
46 94
98 98
52 39
39 3
31 76
84 8
76 96
75 45
90 80
17 94
65 8
32 10
17 20
48 88
55 16
23 80
87 32
64 74
59 27
49 86
49 93
100 41
52 88
10 73
35 18
76 63
45 48
22 23
87 70
43 38
95 4
39 44
81 13
66 89
47 28
47 45
77 84
28 29
67 38
26 81
100 41
34 39
48 64
52 66
15 63
11 57
83 53
73 69
48 6
10 71
27 10
10 24
39 97
87 50
69 5
97 83
81 58
65 56
100 4
80 64
38 30
41 4
73 28
17 34
82 24
99 56
86 91
99 93
79 92
73 93
52 89
44 55
88 30
30 79
84 37
38 5
76 90
23 76
72 22
20 86
11 87
21 97
42 84
58 96
77 34
90 58
51 27
8 21
22 83
68 77
70 40
41 3
84 97
75 97
13 78
96 34
26 34
28 56
15 15
71 78
18 33
19 16
27 23
48 85
92 84
72 5
79 98
34 42
91 69
33 76
1 86
22 4
56 100
84 35
12 22
64 37
83 59
37 33
34 54
42 68
52 81
84 52
18 26
90 40
72 2
66 67
66 71
26 73
72 13
6 30
16 5
41 45
23 18
96 14
37 98
77 80
9 80
55 76
67 96
6 85
46 26
42 60
14 29
41 27
26 15
1 98
49 60
80 53
16 59
44 14
20 77
50 59
72 30
44 71
29 87
49 77
84 64
92 100
23 41
7 79
64 20
31 54
59 65
55 89
90 80
10 40
39 32
1 80
17 32
99 37
85 6
64 65
41 34
66 52
73 47
51 87
58 7
22 1
24 89
84 86
52 43
88 98
37 19
33 9
75 18
35 73
28 100
45 67
18 54
4 67
27 60
7 29
51 52
79 87
19 8
50 79
17 81
99 2
74 60
38 89
66 87
72 13
1 84
49 67
71 21
49 13
99 14
90 14
85 94
94 29
68 71
58 87
72 49
18 5
26 67
30 9
39 59
41 1
96 22
3 92
18 49
68 35
79 16
54 4
38 58
45 94
83 52
96 81
41 10
26 99
28 92
33 99
50 87
79 55
42 81
36 62
73 61
42 65
91 53
9 69
58 32
79 6
40 96
54 44
23 42
58 23
66 19
42 85
5 21
84 35
15 69
11 97
87 33
95 28
77 71
98 12
25 68
26 25
89 40
72 42
18 30
97 92
39 13
4 8
58 81
58 2
76 38
82 37
97 71
31 96
19 47
36 68
56 97
96 69
35 44
79 73
63 64
7 7
21 4
45 60
90 23
60 59
41 77
96 48
24 61
32 56
99 64
94 83
50 59
7 83
67 90
15 100
58 1
23 80
58 4
30 86
41 91
85 93
61 83
19 71
24 80
18 89
53 88
38 25
72 16
19 15
18 10
77 19
99 90
51 45
9 89
46 61
8 33
76 61
54 21
75 29
66 12
96 16
55 93
60 97
78 8
31 69
100 11
82 11
3 61
63 86
40 61
97 79
2 62
31 18
1 87
39 95
65 52
93 65
20 2
89 39
36 21
1 34
84 17
13 52
42 94
76 97
5 52
82 80
7 40
58 63
10 13
73 21
74 80
66 39
64 88
90 36
84 66
33 76
14 71
92 48
46 93
24 88
64 46
54 61
15 28
53 14
67 16
90 92
61 100
68 87
31 9
63 4
32 30
2 30
8 1
60 57
66 8
23 93
27 97
14 81
50 41
39 93
81 94
22 26
74 73
89 32
21 61
89 10
71 33
97 7
27 59
34 65
97 24
28 83
32 36
88 8
68 100
26 33
26 85
5 83
54 71
37 46
36 100
67 32
69 44
51 91
99 41
36 10
57 68
80 81
97 88
5 73
70 60
89 79
62 72
18 1
51 64
61 89
80 77
13 56
56 44
44 39
14 87
54 12
53 73
79 1
60 44
53 97
58 60
16 8
56 86
11 7
94 18
35 1
83 51
58 21
15 60
42 60
93 1
55 88
65 2
1 18
98 39
81 84
3 64
92 9
1 74
95 58
1 31
57 48
50 47
28 87
83 58
24 90
64 46
57 87
14 50
82 8
11 54
65 83
78 26
79 97
59 53
41 17
70 73
86 68
35 63
51 89
98 67
52 2
65 63
48 1
65 23
20 14
40 3
77 52
72 86
79 36
88 80
33 67
26 64
29 35
40 10
48 4
80 28
13 31
66 19
97 45
37 84
5 4
5 4
1 80
15 25
64 14
24 95
55 61
14 97
36 9
8 81
27 96
78 72
59 22
4 84
39 27
47 73
6 12
30 1
91 75
21 100
8 59
54 83
69 11
21 70
57 56
44 64
40 2
38 20
5 65
11 36
73 39
1 58
5 59
55 77
88 19
83 64
67 87
45 81
100 6
95 45
47 14
3 6
99 88
96 18
57 52
94 88
36 89
3 93
67 89
43 27
8 8
56 49
94 44
12 74
26 74
84 5
2 74
66 17
31 71
38 18
86 74
32 94
68 69
12 5
23 2
3 93
99 92
8 64
38 13
14 1
66 57
70 45
94 55
27 98
65 6
23 39
67 48
20 38
95 58
40 87
83 91
21 71
58 83
76 67
98 91
14 85
51 24
44 25
6 60
66 46
69 52
56 91
94 64
28 73
51 99
67 4
45 22
77 3
71 73
43 66
43 74
81 23
46 71
1 56
52 10
50 62
28 8
32 82
67 37
88 6
13 97
64 42
7 75
52 92
61 55
12 45
58 100
33 26
40 93
41 81
54 57
99 40
21 6
38 97
10 77
83 11
17 90
38 62
57 80
53 43
59 71
20 71
80 1
77 64
34 37
49 78
27 69
65 36
6 58
16 73
100 52
42 59
74 17
41 50
51 19
80 34
34 52
14 33
21 72
51 26
14 63
12 45
60 21
64 64
41 43
44 84
20 34
43 73
86 68
35 61
19 1
91 18
64 91
69 70
29 56
55 48
24 27
49 72
19 56
87 11
95 48
4 86
10 59
45 89
69 100
48 48
34 84
54 56
32 42
3 60
61 56
14 59
42 33
71 24
71 6
1 36
33 100
71 35
14 69
95 80
65 28
52 63
97 59
33 38
8 81
10 14
38 98
52 69
94 13
73 18
41 92
63 85
17 37
75 29
32 27
69 60
20 86
98 100
61 59
47 46
2 57
94 67
94 8
9 82
47 36
89 57
47 76
17 90
14 39
27 16
63 3
26 8
80 72
25 63
8 58
60 84
24 36
15 79
70 76
25 38
62 76
66 73
96 6
29 27
48 68
68 45
13 54
47 54
3 98
73 81
6 7
36 25
71 66
68 55
19 19
46 35
80 68
23 98
89 52
74 55
42 3
15 10
46 56
47 85
71 47
79 25
53 53
2 47
72 37
39 48
65 93
67 98
87 37
99 3
26 56
72 41
22 80
50 70
31 73
46 15
49 58
91 91
94 33
35 11
14 99
9 93
17 75
16 64
79 1
61 3
94 58
8 51
29 2
76 58
7 21
66 5
1 17
12 1
98 51
46 35
23 69
14 62
42 73
49 41
47 78
35 12
5 48
48 47
90 32
91 41
45 76
49 83
6 74
40 19
8 62
61 5
32 95
79 52
20 63
51 48
44 59
95 2
30 39
60 39
51 65
50 67
85 49
88 45
81 40
31 84
77 67
78 97
16 86
77 1
46 67
63 76
26 40
81 50
67 74
33 90
72 3
86 88
74 74
19 62
68 90
12 17
91 53
100 91
4 78
3 21
73 96
4 57
56 89
67 50
20 84
83 88
20 24
53 14
87 43
26 29
89 43
82 85
83 39
66 96
43 67
49 18
17 15
62 4
21 77
51 82
88 30
67 46
41 89
80 81
70 81
95 40
66 83
36 80
12 60
12 79
72 37
72 12
88 32
91 94
30 14
19 22
75 99
36 90
48 14
76 23
77 86
46 28
64 16
54 86
96 35
29 48
65 1
79 33
43 24
76 69
37 65
28 89
11 25
65 69
18 11
56 48
28 5
47 56
40 30
40 83
79 99
46 28
100 61
75 96
31 90
51 84
94 18
7 68
67 37
90 55
73 11
38 93
96 66
68 44
46 23
30 67
62 53
92 66
20 97
73 19
47 76
54 70
83 13
74 59
68 61
65 16
82 21
39 84
37 83
8 13
85 83
6 37
6 51
14 37
53 51
72 68
95 13
40 96
35 18
3 1
11 24
1 42
57 12
16 85
59 11
61 52
7 73
45 33
57 26
25 56
47 53
78 78
87 66
84 28
20 16
97 56
45 6
97 17
31 75
76 60
51 95
86 55
53 89
74 4
89 92
89 95
67 68
57 12
58 84
51 63
50 36
4 68
88 76
96 90
65 33
25 48
26 42
80 72
80 36
41 59
53 90
65 1
25 26
25 49
81 79
55 18
60 73
1 46
55 22
14 100
7 31
88 75
78 86
65 79
58 51
88 79
46 94
21 91
51 4
33 16
98 43
33 87
73 78
93 89
87 91
13 37
57 61
48 31
72 4
15 82
58 32
83 78
7 25
3 62
19 2
95 88
59 6
27 79
29 23
79 33
59 91
47 60
37 63
20 69
79 43
96 81
1 66
6 10
90 65
58 37
21 35
22 83
74 19
49 97
59 9
2 16
18 72
98 91
91 6
50 73
59 61
45 60
53 72
63 84
88 90
29 56
70 38
56 16
72 35
75 70
73 36
24 6
56 58
16 82
64 28
2 58
66 86
61 31
17 70
47 88
9 88
51 25
92 42
1 64
1 26
56 9
51 93
88 9
26 77
62 17
5 53
45 94
30 11
30 74
39 77
69 55
48 1
60 7
60 41
89 97
7 83
35 68
91 75
2 9
49 20
34 9
28 10
97 51
3 32
95 80
29 76
41 89
73 51
98 15
12 44
76 64
63 15
52 78
15 30
32 34
50 73
78 53
83 16
19 49
93 72
11 31
72 96
82 85
69 89
42 4
20 92
28 18
67 39
65 89
75 48
78 97
28 90
16 66
98 11
44 29
16 98
5 16
9 34
62 23
6 11
49 26
59 44
100 75
57 30
76 20
71 20
2 56
100 13
47 68
37 15
73 32
18 78
57 32
10 72
37 62
44 58
60 46
5 78
1 50
77 20
36 41
68 24
79 25
16 98
60 55
39 45
70 36
52 91
15 21
86 12
45 69
32 25
59 28
8 73
78 23
78 89
18 16
32 33
86 91
6 79
25 55
85 9
50 11
34 4
52 85
84 79
87 37
99 77
8 79
34 29
29 90
28 21
100 79
68 45
87 21
18 42
88 88
36 25
30 82
68 13
29 39
43 9
22 75
22 79
85 99
5 52
66 25
6 7
34 57
61 52
39 29
7 46
57 5
6 86
89 78
80 54
1 15
45 79
62 57
46 93
83 75
69 80
63 97
51 42
74 61
76 81
44 7
25 33
59 1
48 18
36 60
14 15
3 89
40 21
20 73
48 31
10 69
3 90
29 80
19 22
67 3
16 66
68 12
100 66
87 37
88 41
47 56
28 30
57 99
91 49
82 71
90 94
55 20
1 51
61 30
64 54
13 36
24 28
85 100
88 49
10 33
75 30
77 4
40 76
99 15
62 57
33 61
27 72
7 12
63 70
51 72
25 67
60 31
48 3
82 85
80 77
59 58
34 82
23 13
58 84
47 99
97 34
21 51
53 45
53 67
42 90
28 93
37 60
98 45
37 97
10 84
72 64
38 59
22 36
49 3
58 14
94 1
63 79
56 30
20 29
5 89
34 52
68 88
81 77
14 56
11 51
31 49
87 15
86 100
6 91
74 54
68 13
75 66
21 87
1 68
51 71
90 18
40 36
76 2
25 91
56 81
50 61
54 84
42 75
73 57
22 100
4 20
28 5
25 17
99 41
27 1
61 37
45 99
13 86
29 6
56 87
13 5
86 61
8 87
58 95
26 55
8 43
62 10
77 92
1 13
19 66
64 96
5 82
70 76
17 34
91 49
97 21
5 1
74 84
66 87
9 36
82 78
29 86
11 16
9 56
54 11
48 58
31 79
87 30
35 31
26 92
56 34
3 30
25 25
94 40
45 65
81 45
38 21
46 84
50 77
36 91
68 62
6 34
13 58
31 65
2 69
53 52
47 56
51 58
60 61
65 53
33 67
27 69
45 28
33 69
15 96
1 28
59 41
21 71
31 76
92 39
16 51
52 25
38 48
70 61
89 20
91 75
59 11
11 89
23 72
86 59
95 95
78 16
94 99
60 65
1 81
76 32
4 26
18 100
63 64
32 98
81 42
85 85
39 53
37 1
53 69
92 58
21 5
48 22
57 33
12 65
63 70
47 41
53 7
65 35
25 1
70 59
10 89
62 69
67 68
25 90
30 27
32 62
24 48
74 8
38 58
26 93
34 37
30 56
37 26
43 53
33 31
35 63
100 94
70 8
82 11
28 36
50 59
100 65
21 16
15 44
44 61
23 36
11 83
48 75
34 22
6 93
30 43
1 96
2 36
42 67
74 66
11 56
82 36
52 78
82 52
53 29
51 68
93 59
89 74
27 45
60 84
74 12
61 33
85 80
84 41
17 7
82 84
19 29
53 14
69 18
19 79
67 72
76 29
79 78
27 66
10 28
9 78
48 7
4 48
92 56
65 59
7 32
60 85
36 5
73 63
80 93
61 33
33 84
94 94
39 25
20 1
91 44
73 63
26 15
64 4
17 12
37 42
93 5
34 99
92 15
40 16
24 73
61 91
79 74
97 95
45 73
18 71
18 54
8 47
30 16
53 82
72 20
27 10
66 22
84 24
59 90
63 78
3 75
90 55
64 12
55 70
7 83
70 14
22 67
64 78
20 8
97 7
13 22
64 48
96 26
84 15
78 41
71 22
39 96
21 100
79 8
15 12
42 29
43 26
6 22
60 56
84 51
77 88
88 53
91 35
21 66
23 98
42 85
69 81
87 60
90 35
58 19
76 88
69 50
25 2
12 92
13 5
2 95
96 86
43 76
56 2
52 22
4 86
85 40
18 43
85 32
74 89
59 11
91 36
56 32
14 70
84 26
96 57
15 64
25 30
24 65
75 19
60 11
85 56
76 82
59 37
52 39
2 56
32 20
52 20
6 34
86 6
21 53
74 72
67 66
34 97
44 7
70 65
36 80
86 79
14 5
36 70
69 25
9 9
79 91
82 32
22 19
83 99
13 22
17 14
51 23
38 52
59 7
12 33
25 94
83 85
76 47
52 82
96 83
8 41
51 85
95 95
73 93
97 54
24 99
73 34
66 31
67 36
35 5
44 14
6 55
67 20
30 43
85 34
78 19
5 51
11 87
75 84
67 28
85 57
41 46
62 1
92 20
56 82
70 92
9 68
76 64
96 94
47 3
79 11
98 95
57 83
25 48
44 55
82 41
35 64
1 62
27 87
3 50
67 54
81 35
29 19
48 57
16 13
60 49
57 21
12 65
46 12
39 3
76 40
86 70
52 79
45 100
77 93
11 54
16 88
21 51
1 45
8 12
65 78
48 47
19 12
90 94
27 35
66 73
65 10
27 87
29 82
52 100
81 9
91 9
82 2
12 95
51 14
30 82
89 71
16 43
24 13
2 76
91 46
44 40
42 50
19 46
92 23
21 98
2 26
20 31
7 31
85 99
20 45
25 52
63 26
15 21
74 53
62 34
23 54
58 36
57 6
74 87
83 51
70 14
33 85
40 71
54 10
27 24
16 92
97 38
45 41
35 90
78 20
22 50
8 15
6 26
40 98
61 89
89 90
10 1
73 84
86 23
30 67
95 35
89 14
10 67
24 70
80 14
18 76
48 79
54 68
10 20
79 10
97 67
3 46
41 36
41 81
30 82
40 70
63 94
43 89
6 11
5 4
84 40
41 50
80 99
86 75
67 53
24 31
47 98
9 91
67 74
8 33
10 56
26 54
78 27
43 47
66 22
11 36
35 3
99 80
8 24
79 84
83 68
86 29
69 7
89 16
62 11
74 18
18 35
28 49
74 15
38 28
88 19
72 2
82 6
52 93
77 11
54 33
18 41
78 3
98 45
28 42
80 92
95 8
51 40
84 70
45 36
1 95
68 5
20 82
19 73
22 83
78 53
41 14
73 46
27 21
26 28
44 76
70 30
62 72
55 74
98 46
60 98
47 79
15 21
5 94
60 28
87 42
64 94
85 40
17 96
59 68
62 16
85 69
23 49
36 48
78 25
46 85
25 69
53 43
54 75
50 46
41 2
59 86
16 74
30 30
50 74
13 13
7 18
84 35
11 31
51 99
89 34
76 55
44 14
77 14
41 97
23 21
78 64
82 45
49 87
28 18
55 42
70 14
89 95
81 38
38 99
95 30
99 92
30 13
37 81
29 18
41 38
83 38
100 56
68 72
72 74
39 94
96 3
2 57
77 54
76 48
4 36
69 18
33 41
96 56
63 18
13 84
1 26
55 67
5 19
56 73
46 10
82 94
38 53
67 77
85 93
88 3
57 91
22 79
21 48
28 57
1 26
8 21
76 3
100 17
34 23
87 3
62 88
33 1
47 91
26 94
30 17
61 68
59 1
82 40
27 26
86 87
95 97
71 85
85 58
21 60
91 49
96 25
77 20
19 34
51 43
60 13
68 65
38 52
60 98
22 80
52 94
53 84
95 23
35 41
59 16
87 97
19 40
33 98
31 98
71 62
4 66
85 38
32 24
94 59
47 99
59 85
92 19
90 56
71 15
30 72
25 70
78 89
81 24
88 39
51 78
21 89
60 7
24 5
70 100
67 57
58 3
31 46
11 89
1 38
85 55
85 39
30 5
75 19
14 53
80 36
11 70
35 12
8 91
45 89
54 36
43 5
37 35
19 40
42 62
95 89
62 20
4 47
50 58
5 43
51 95
47 99
94 7
57 43
9 68
96 27
4 36
18 69
58 14
86 15
28 8
10 59
83 5
12 17
38 68
31 73
69 33
5 51
21 77
3 16
31 5
30 2
67 57
71 91
7 20
62 6
90 2
45 39
64 22
47 30
39 39
50 8
5 99
35 19
79 72
72 11
85 75
93 35
58 22
59 31
94 21
81 82
15 100
21 5
8 44
16 41
88 67
87 42
95 85
60 48
70 46
51 68
96 73
85 1
44 100
25 49
98 42
44 37
33 9
56 46
47 6
78 59
53 26
8 53
9 46
47 29
58 71
11 67
27 45
21 76
60 90
32 76
76 4
25 71
66 26
60 96
70 52
26 11
82 67
64 82
68 6
39 37
20 57
30 52
82 80
16 39
98 98
94 56
52 35
10 81
85 26
78 23
92 35
28 90
66 30
20 19
11 58
83 62
46 79
20 87
60 11
13 100
44 44
78 26
56 46
39 33
15 63
39 2
28 97
34 2
83 14
83 17
82 11
68 17
38 57
81 63
73 34
19 26
95 96
92 15
54 76
96 100
25 75
6 99
41 42
94 27
46 66
3 75
59 92
70 48
31 7
68 45
66 32
96 18
86 47
78 100
39 10
67 10
19 2
37 57
37 13
19 79
19 100
29 43
100 34
82 47
87 96
40 33
37 34
1 19
22 8
79 72
41 56
14 94
93 25
98 73
64 78
5 63
46 97
14 5
73 98
93 73
29 27
84 17
40 82
19 49
12 53
100 93
62 75
36 46
85 69
97 22
20 9
71 85
12 54
38 82
66 13
90 10
13 7
37 24
75 41
49 74
58 73
33 20
59 40
23 49
42 69
97 51
92 64
77 34
86 63
42 51
81 89
78 26
17 86
71 17
62 23
7 31
14 92
61 1
74 60
63 24
95 68
52 72
62 61
3 29
38 41
94 17
19 18
19 22
84 36
18 11
61 4
32 77
73 13
65 90
35 47
54 20
94 47
41 84
4 41
30 61
32 5
31 53
72 43
75 42
46 15
40 70
8 88
91 26
35 91
30 98
58 18
52 50
48 45
20 95
90 76
44 48
85 62
99 13
75 90
46 11
7 94
92 36
29 12
20 95
84 43
57 98
11 42
82 29
14 90
98 93
62 4
20 6
7 69
21 45
93 7
10 36
11 65
50 87
48 57
44 57
73 19
44 41
42 71
65 66
74 41
82 9
98 20
86 91
19 96
61 57
5 94
87 82
84 37
70 32
57 46
78 16
93 59
77 81
63 63
96 89
53 56
64 33
85 15
11 29
80 19
63 84
21 59
95 76
54 40
11 53
7 28
35 82
75 12
69 51
23 74
87 26
76 99
82 66
80 7
93 14
52 67
85 45
81 38
29 85
70 75
67 82
56 63
51 37
20 25
97 86
56 97
90 13
46 72
53 48
40 4
51 53
8 60
71 30
13 39
24 43
38 69
71 80
24 50
11 21
49 47
46 28
76 87
34 38
29 48
1 25
27 36
71 18
41 74
5 29
99 77
45 7
92 41
46 91
69 54
72 96
52 13
5 51
7 83
56 11
97 47
37 61
8 90
33 56
49 43
20 76
85 40
42 7
11 48
24 57
43 12
72 45
77 41
71 44
26 60
52 54
52 75
43 67
41 13
48 40
58 73
68 61
83 3
90 72
37 3
42 23
30 25
13 83
84 97
80 6
23 67
47 75
18 95
38 20
96 41
27 33
86 23
7 27
92 97
56 89
64 10
43 27
98 97
78 14
44 62
45 62
59 89
33 58
78 81
91 29
43 99
62 91
89 68
44 29
2 15
29 7
22 28
89 2
11 41
15 41
36 46
74 20
23 44
56 72
78 21
24 16
80 24
74 80
24 29
23 79
15 15
67 1
37 33
81 65
31 26
5 93
86 76
74 17
61 66
35 19
63 83
96 41
88 56
82 7
2 14
95 46
76 94
81 42
79 89
92 26
18 35
84 21
64 1
65 85
95 70
83 74
51 23
87 8
83 57
98 63
8 95
20 19
11 16
21 78
96 67
77 85
3 69
60 19
21 91
97 92
46 33
58 24
92 69
93 80
46 59
12 46
6 29
7 1
83 97
81 55
87 96
11 63
18 22
90 54
51 30
33 99
100 71
97 60
40 49
7 82
96 24
78 40
62 87
69 49
73 60
91 1
38 52
22 98
17 88
51 30
95 59
74 16
61 22
74 18
12 42
28 17
12 31
58 30
36 23
26 33
93 12
80 51
17 58
14 56
34 67
25 14
51 42
52 30
58 74
40 15
58 2
81 70
25 7
56 96
31 93
32 87
17 62
7 12
2 14
24 75
61 94
2 67
22 84
87 14
60 11
82 33
51 93
34 28
75 29
53 70
16 24
8 19
73 74
4 99
21 18
95 44
62 14
66 60
50 62
75 36
22 98
68 92
89 89
50 3
47 97
61 20
92 46
56 70
71 27
49 93
15 49
73 2
46 90
15 93
11 20
86 37
29 49
28 29
48 8
72 89
63 61
57 89
99 49
7 80
70 94
2 43
62 32
29 46
17 85
61 35
64 56
73 13
9 50
42 92
34 78
2 74
42 22
92 44
18 16
60 49
23 33
65 32
22 25
39 75
58 25
68 76
33 92
62 9
80 60
8 31
77 93
75 62
18 31
74 91
78 79
67 99
88 25
35 73
75 8
45 31
69 37
60 56
83 23
84 62
38 90
100 5
94 49
66 91
88 72
68 95
39 38
58 4
55 91
24 67
51 67
50 52
75 46
50 38
85 35
4 41
14 49
26 14
31 13
16 100
58 6
31 5
14 88
26 1
18 53
3 96
39 62
26 96
52 46
67 47
40 33
16 40
35 3
8 96
33 65
12 31
63 12
38 13
53 77
84 7
62 45
74 27
35 7
100 65
62 97
37 23
67 99
41 45
43 27
45 70
16 59
80 73
87 87
20 28
24 96
83 38
36 6
53 1
7 71
52 76
76 55
85 73
57 28
79 88
20 57
100 84
30 88
22 59
61 80
51 53
3 38
42 2
7 39
58 88
1 92
73 96
89 39
54 18
80 28
36 88
98 97
1 41
38 16
29 70
66 39
41 98
47 61
51 99
74 94
92 42
48 65
6 7
8 88
20 47
11 25
30 54
81 50
20 76
46 42
27 77
3 47
84 93
17 87
86 33
89 28
14 3
42 71
80 73
81 96
82 77
52 39
46 43
4 40
31 92
41 3
10 22
41 18
19 15
81 35
77 17
29 1
44 89
37 12
3 28
61 67
96 32
89 51
43 95
84 51
43 21
83 8
43 4
57 48
70 37
24 97
73 54
9 90
71 25
84 89
57 22
65 22
49 38
90 21
75 20
66 11
97 48
1 21
20 50
92 29
87 5
16 68
20 79
35 87
91 89
96 92
54 15
43 36
14 63
70 42
65 46
27 75
24 70
99 19
20 90
97 12
51 48
82 38
97 41
5 39
98 8
87 100
55 78
92 8
91 47
53 88
82 8
86 56
19 55
60 24
3 3
50 20
20 40
91 84
84 85
3 13
86 89
35 95
10 69
15 70
95 3
60 4
37 2
21 51
46 100
93 94
36 92
37 13
95 90
20 93
71 6
11 67
9 40
39 88
60 25
11 40
25 51
17 26
8 72
57 78
97 10
53 1
89 43
2 78
6 35
10 2
74 91
57 44
42 77
23 56
55 42
63 58
33 84
25 97
57 100
100 67
19 68
46 97
3 100
26 4
94 92
38 32
29 43
59 15
40 66
81 80
49 11
57 46
78 65
98 86
79 71
80 11
92 59
57 22
65 57
42 28
97 69
87 4
25 27
22 91
42 96
25 92
66 76
78 61
88 30
5 61
2 71
20 40
40 91
49 100
100 74
32 93
2 24
93 99
76 62
11 81
59 72
71 46
7 16
58 38
30 68
91 45
93 24
68 26
10 28
85 59
98 84
96 92
19 74
42 45
64 71
73 94
53 53
70 52
29 25
54 44
62 94
84 74
60 32
73 39
14 15
68 24
30 48
91 69
76 49
10 9
73 64
79 65
81 84
73 12
54 90
46 68
20 97
45 4
20 51
29 1
75 88
43 69
82 73
95 41
99 76
5 69
80 99
100 31
95 49
72 12
80 1
39 2
82 6
86 44
98 23
46 85
63 23
88 66
42 32
97 39
63 50
73 27
75 34
53 34
10 48
53 30
38 17
90 34
53 37
42 13
23 30
75 78
19 5
52 58
15 48
29 60
13 12
72 17
38 26
62 24
2 41
9 17
32 43
38 68
55 15
47 93
47 20
40 88
92 29
29 91
50 45
49 9
87 24
33 12
48 13
20 97
27 82
77 29
30 2
83 96
28 55
56 76
3 67
96 85
79 25
79 95
13 55
70 76
81 5
10 63
25 68
81 90
40 52
15 67
10 95
3 82
60 51
90 63
26 12
59 73
52 61
60 21
77 86
99 41
24 57
65 87
49 63
49 90
13 17
96 18
34 41
53 64
39 90
70 47
42 40
82 17
11 52
37 65
2 35
40 5
37 79
11 5
3 55
68 83
71 46
59 65
13 17
52 66
42 6
18 54
65 69
3 78
1 7
2 13
87 74
10 9
60 82
20 100
16 55
27 67
27 32
95 81
30 3
41 10
29 66
43 38
62 52
47 69
60 14
29 76
5 100
33 7
95 44
8 56
86 56
77 13
32 43
57 44
43 56
54 7
84 100
44 48
76 71
39 18
33 1
69 88
57 72
84 63
66 94
11 57
2 80
13 47
77 51
78 72
69 97
32 97
8 93
11 6
95 75
47 59
1 5
8 26
40 99
41 57
72 92
20 91
25 15
37 13
48 30
38 68
27 60
23 89
9 82
36 92
56 23
74 60
47 53
79 30
16 48
43 66
3 61
96 28
50 17
65 38
60 75
23 89
19 32
31 75
72 15
51 57
65 27
67 9
40 17
31 30
2 55
40 84
52 10
51 24
78 30
19 93
50 68
71 26
5 78
68 34
72 11
8 6
64 14
49 48
42 100
79 8
42 88
73 31
100 31
6 53
92 77
76 86
57 25
56 29
90 41
25 91
82 28
38 38
78 59
95 54
40 27
64 88
62 46
14 61
45 14
73 79
51 46
8 60
62 45
43 46
15 95
45 17
20 72
66 27
82 12
27 2
90 94
26 56
8 1
78 51
23 2
39 28
61 75
36 83
73 37
97 8
2 82
35 58
55 18
48 51
85 48
58 63
37 57
59 60
90 10
60 34
7 32
23 33
6 7
75 61
57 50
14 7
51 18
13 75
32 50
15 73
19 56
47 28
60 61
38 85
4 40
42 80
71 67
87 88
95 70
22 28
91 10
56 29
20 31
56 96
23 88
30 84
20 72
69 70
88 14
57 91
22 3
41 4
34 53
47 25
2 69
10 68
15 85
72 23
100 25
91 81
46 39
28 57
42 18
60 43
18 36
20 89
94 50
44 46
44 9
15 55
84 7
70 35
73 62
60 5
43 93
48 37
53 2
67 61
60 1
5 29
20 38
13 92
83 70
12 22
25 35
29 59
37 28
61 72
59 18
74 43
49 97
25 94
58 22
32 51
97 48
46 31
47 44
41 36
59 95
3 93
45 66
90 9
84 66
27 69
40 10
88 99
76 77
96 78
32 90
34 25
21 64
19 79
29 35
95 47
11 92
75 76
55 56
23 33
50 69
59 55
68 8
96 46
52 4
74 40
39 82
49 19
44 97
42 44
27 92
27 40
94 95
81 5
99 96
60 23
79 91
78 52
74 1
12 73
67 36
64 11
15 19
43 69
8 27
50 24
53 26
39 98
63 93
56 72
25 57
3 37
35 88
84 36
53 13
77 54
100 39
25 57
52 74
69 78
23 65
44 48
2 17
18 85
74 53
100 29
54 78
98 64
85 81
100 23
70 92
73 91
5 93
10 65
49 11
45 82
43 88
96 31
95 74
91 55
28 80
82 69
45 92
88 47
88 56
71 5
87 35
77 24
91 50
32 55
69 100
29 51
37 35
28 72
25 51
37 65
44 75
41 97
86 96
53 53
69 71
15 96
76 24
12 38
42 65
22 54
37 93
31 79
42 40
78 64
22 3
57 13
80 3
2 45
3 90
43 5
10 70
38 36
100 42
78 39
91 37
95 89
7 90
46 29
91 37
75 43
20 73
89 86
19 83
13 93
60 14
66 26
10 95
6 68
24 35
56 46
85 64
96 26
4 59
2 21
8 80
93 32
34 15
17 40
56 60
12 6
54 38
49 28
14 92
13 1
40 47
62 81
78 72
27 31
18 27
34 82
63 15
81 95
85 18
61 85
18 97
46 36
94 26
26 26
33 69
52 77
13 90
42 90
7 3
1 58
6 83
28 79
51 39
6 4
78 57
30 93
78 90
62 80
31 26
7 53
1 67
6 37
53 21
8 52
48 36
8 7
32 87
20 31
100 13
26 92
32 86
75 98
39 32
33 93
64 19
92 60
22 99
36 40
94 88
54 94
96 74
52 40
78 2
62 80
59 96
44 1
57 33
13 49
76 97
20 2
26 65
14 16
65 73
15 61
35 72
9 61
14 57
85 27
14 77
70 10
9 56
11 89
49 28
80 65
53 53
97 60
42 96
85 82
97 87
15 88
84 5
7 53
60 83
94 40
45 61
73 13
39 39
71 50
8 38
36 80
81 3
61 41
70 91
72 94
69 97
83 87
29 60
79 85
91 71
93 54
49 92
73 2
86 100
98 45
23 40
3 18
20 2
81 17
100 36
38 83
59 91
64 7
55 52
10 23
18 80
57 94
94 74
73 1
26 35
87 60
70 48
10 81
45 90
73 3
58 63
22 1
32 36
56 66
65 68
59 25
76 62
51 56
64 26
98 83
36 82
55 27
38 100
88 43
38 91
12 18
1 23
7 76
65 26
50 53
57 5
85 84
10 27
9 38
40 28
91 56
99 57
47 45
23 89
34 57
24 25
75 38
83 26
87 84
6 35
22 67
80 40
48 63
89 50
80 34
39 36
71 37
72 90
42 51
5 42
49 58
54 54
68 27
36 49
90 52
69 23
48 69
25 37
86 47
31 44
59 68
57 78
68 33
47 26
62 98
58 19
13 52
65 65
70 37
43 64
62 2
25 19
33 7
20 47
19 61
83 75
79 61
94 33
31 11
55 39
62 92
82 10
73 98
47 62
54 3
2 72
21 85
19 3
71 83
36 54
67 52
33 28
56 64
97 34
5 65
66 71
23 89
96 66
19 4
18 34
80 31
33 28
81 44
13 73
75 97
31 84
73 19
20 60
87 10
47 39
4 67
21 26
82 94
92 62
38 68
45 14
40 5
58 14
70 94
68 33
61 10
10 95
39 71
63 44
78 78
96 51
28 26
30 71
3 51
46 6
54 30
67 87
31 16
99 30
50 45
4 96
8 88
13 84
56 69
5 56
99 35
2 11
10 92
10 84
9 64
90 37
98 54
3 91
17 10
6 36
30 2
89 24
88 5
27 2
71 72
98 99
21 54
94 18
77 78
77 38
68 56
83 8
97 100
88 62
15 96
20 51
29 15
76 72
24 94
28 81
65 5
16 86
36 8
1 43
90 19
94 95
59 39
5 54
72 62
22 70
18 64
29 12
76 11
63 91
90 30
55 33
81 56
12 62
29 81
69 32
81 11
35 22
93 9
90 90
4 48
64 13
3 70
89 2
53 72
78 63
22 40
25 14
1 97
36 14
4 82
33 2
96 37
31 63
62 66
66 57
93 81
32 89
10 76
6 46
13 79
48 88
22 94
33 56
14 21
67 28
59 35
85 89
23 45
69 56
11 92
72 70
5 85
90 43
75 93
26 19
3 64
25 23
45 9
62 65
89 62
56 82
13 33
36 61
58 3
18 67
72 81
18 69
28 100
26 80
8 69
44 80
15 19
22 59
77 62
13 12
98 28
25 57
38 79
10 35
17 37
57 68
45 11
55 64
35 8
24 55
99 24
24 99
25 22
32 98
79 79
45 69
82 3
38 8
75 20
18 97
52 35
81 11
2 8
48 89
66 52
2 15
7 87
19 59
86 9
59 30
36 37
98 66
8 80
66 67
44 20
21 8
87 71
12 44
56 63
56 94
97 32
75 74
68 21
14 65
60 52
50 66
59 16
96 77
92 90
71 48
30 29
56 85
11 4
76 12
85 70
42 32
32 37
89 21
60 10
90 30
93 50
84 81
8 23
81 59
96 86
54 17
94 54
96 70
30 6
90 65
7 72
90 3
42 65
100 18
48 77
70 87
53 80
88 94
16 21
15 84
79 29
6 69
32 96
95 82
51 98
79 6
82 75
65 89
8 80
15 30
81 24
93 66
27 64
36 44
27 69
9 40
62 39
25 66
31 78
41 25
4 66
35 7
6 25
73 14
5 81
68 90
46 81
51 2
52 95
3 64
88 82
35 21
9 38
59 24
45 89
4 32
86 60
69 92
77 19
54 71
88 84
23 40
12 80
51 11
20 44
96 47
98 15
72 62
2 78
18 95
19 30
4 93
30 99
22 90
59 50
22 92
4 80
71 35
64 39
66 89
32 34
46 46
85 100
83 51
65 27
54 31
9 15
98 4
32 49
83 26
9 81
44 42
37 2
11 67
59 6
85 60
35 19
93 19
19 29
4 71
26 64
55 7
71 32
4 67
65 73
65 41
90 27
58 84
75 23
6 77
3 35
72 7
24 54
32 5
24 58
10 45
30 40
25 9
35 36
91 10
25 53
20 19
84 46
66 1
92 46
11 1
53 82
13 31
37 61
20 75
22 83
91 56
57 60
39 72
48 82
50 90
38 26
57 37
49 15
18 93
68 68
11 3
29 77
51 56
54 96
88 34
24 28
68 40
12 62
98 19
61 29
28 23
85 24
45 1
91 38
29 56
95 19
94 84
41 21
65 19
69 72
10 5
48 62
73 49
4 32
78 84
70 74
74 47
89 51
89 76
93 95
9 1
12 92
61 41
69 85
33 82
91 88
18 17
92 17
59 25
23 61
97 48
89 22
80 24
85 54
82 87
5 99
64 92
38 46
41 58
23 4
39 16
34 58
25 47
96 95
8 24
46 43
65 6
74 34
51 18
27 86
3 26
81 8
34 21
25 96
14 35
46 83
22 76
79 67
79 88
52 67
98 51
14 69
16 27
66 57
69 97
41 93
93 99
85 93
28 97
34 42
36 76
53 65
24 95
66 20
31 21
43 46
86 40
25 78
24 36
9 32
54 2
42 59
86 43
8 77
92 13
66 94
16 94
69 4
69 17
92 6
8 15
78 66
46 51
55 50
11 52
23 60
11 95
76 63
61 39
20 19
19 98
92 89
64 92
61 83
59 14
40 95
6 64
63 82
3 46
3 37
9 78
29 83
86 16
91 2
80 21
14 66
30 16
65 38
25 89
24 15
31 99
65 58
75 96
51 44
88 60
13 87
47 17
29 80
79 85
80 45
51 98
44 36
26 43
26 28
23 59
33 100
4 33
94 57
69 17
90 5
42 19
30 34
33 49
32 82
38 90
2 39
62 5
83 95
64 56
57 84
52 59
6 44
65 55
54 39
55 12
37 64
47 68
85 67
71 44
87 24
23 92
54 14
84 77
77 13
49 7
45 41
21 55
31 23
65 66
51 88
53 10
56 94
52 30
31 47
73 37
36 97
42 99
5 19
88 7
34 26
65 11
25 81
35 54
94 14
63 6
75 96
10 87
4 54
31 48
58 87
28 61
75 76
94 19
23 71
52 29
95 13
13 43
20 7
16 10
69 39
98 70
51 10
85 36
62 36
63 97
63 84
90 91
69 44
64 54
45 95
63 28
25 9
22 96
67 72
69 44
32 50
34 30
70 86
47 94
94 33
14 84
5 32
59 82
98 16
76 30
23 32
89 66
61 84
47 68
10 82
3 41
52 13
9 64
7 18
28 100
64 53
51 54
68 59
89 96
40 43
95 32
35 84
93 67
87 41
94 8
9 82
43 99
73 15
45 25
46 38
84 89
15 11
49 62
53 15
43 90
97 23
35 21
24 14
75 11
51 47
15 87
3 11
16 8
100 67
99 30
50 71
36 61
25 38
85 81
68 2
37 76
17 57
73 72
36 52
6 63
27 50
18 65
10 81
36 66
57 11
92 86
79 59
40 91
70 34
29 76
24 45
4 12
4 36
10 37
45 86
92 16
79 55
35 92
17 33
52 39
34 51
88 85
23 95
85 12
59 51
100 54
78 94
78 20
60 86
61 3
45 97
88 92
94 7
51 54
97 94
18 23
32 52
76 100
28 66
5 72
17 60
16 37
35 33
72 83
71 22
73 27
60 1
98 39
97 74
63 11
10 63
1 87
92 3
99 47
87 85
75 17
55 60
79 88
21 85
76 26
75 44
61 84
49 56
53 33
75 68
41 20
71 11
40 94
45 93
99 64
3 41
42 80
71 64
65 61
1 96
34 9
38 18
60 87
92 40
57 20
26 54
96 51
12 100
90 86
81 79
60 3
7 50
49 48
24 8
40 38
91 21
67 59
93 89
41 45
45 17
21 56
55 75
61 91
62 86
87 100
9 41
61 77
17 46
65 78
22 42
61 77
63 71
16 25
83 45
92 79
90 94
95 62
98 62
22 42
56 37
25 28
38 79
38 71
47 71
30 74
56 33
51 57
79 32
14 72
69 79
78 77
54 68
93 51
84 29
78 37
64 9
6 27
37 89
47 12
10 88
59 9
5 43
88 94
19 94
18 53
92 86
4 18
64 80
32 57
30 87
15 26
78 64
99 26
37 75
88 59
94 40
74 22
52 62
67 46
61 44
6 72
12 93
68 14
51 4
36 75
40 16
12 98
48 18
53 68
12 55
85 58
81 67
79 92
70 70
7 46
95 10
97 45
47 65
50 18
10 7
98 11
22 49
97 80
44 21
60 14
18 14
4 11
39 49
49 76
21 5
7 32
10 32
5 47
39 52
81 60
7 75
39 73
17 78
18 17
81 67
86 10
82 20
66 19
10 1
81 67
42 73
94 11
83 74
79 45
59 33
14 99
55 72
85 70
5 15
8 18
93 53
81 94
34 88
33 11
98 26
33 63
73 32
95 98
25 10
95 68
79 37
82 16
79 3
40 2
77 98
66 18
22 91
39 34
4 58
63 4
10 20
35 56
58 34
12 80
90 67
8 39
78 96
55 2
77 5
92 99
93 22
44 32
23 15
79 78
10 72
45 67
46 2
95 14
14 100
81 69
84 8
64 88
22 12
16 41
48 70
72 71
84 71
20 81
46 5
75 66
76 93
72 34
79 8
32 5
70 40
94 16
89 8
30 36
93 40
82 36
39 93
100 92
79 6
73 64
2 51
90 57
86 48
44 41
93 11
62 49
33 68
25 37
91 7
14 72
32 63
23 54
47 33
11 68
14 90
4 14
30 6
60 87
12 52
93 41
50 36
5 63
76 37
38 23
99 31
29 50
65 90
72 5
61 71
75 30
16 82
34 80
18 66
35 46
2 74
62 35
82 57
48 38
83 60
78 70
2 45
93 93
14 55
100 41
11 84
81 83
10 51
86 8
30 92
52 23
41 52
90 7
60 97
69 95
87 24
39 98
1 58
67 98
64 32
68 1
34 60
19 90
60 43
40 39
89 87
78 93
60 92
11 75
69 42
32 69
12 81
79 58
27 29
72 66
79 84
36 60
26 45
61 89
14 75
9 7
89 19
90 70
70 90
16 53
16 96
9 70
31 38
89 46
75 35
58 73
80 78
30 71
67 86
9 24
95 49
30 30
40 81
67 68
87 39
29 16
3 1
1 65
58 90
26 16
53 93
14 66
78 93
72 35
10 85
25 24
96 75
50 87
43 62
18 63
15 52
18 80
35 33
18 70
24 8
70 98
7 51
72 72
65 61
62 18
23 7
87 84
62 29
74 79
95 84
60 58
39 67
37 40
11 83
95 88
2 44
61 90
75 74
100 65
61 42
1 69
44 50
64 26
3 8
70 20
15 70
28 52
12 57
44 53
65 42
51 71
93 53
77 23
6 65
40 72
35 84
88 51
62 75
78 52
37 97
57 50
39 31
11 38
84 60
98 86
1 47
26 54
81 94
70 6
87 88
32 78
86 3
37 3
57 41
71 69
15 10
98 96
30 22
20 92
82 59
8 16
12 27
15 18
47 34
6 51
93 48
25 24
68 24
7 51
7 8
6 54
29 97
76 66
94 92
74 68
5 4
3 48
23 19
57 49
53 83
69 14
66 98
81 98
78 93
66 82
5 72
21 98
46 68
19 65
99 3
4 57
62 5
98 77
70 69
92 67
91 80
53 53
51 73
78 68
15 43
35 56
98 10
84 54
87 33
28 73
17 17
72 46
28 27
74 61
30 25
57 32
85 98
59 24
21 51
49 70
63 54
73 51
10 53
4 39
66 95
61 67
11 79
74 54
48 45
70 23
20 19
76 13
37 65
46 65
100 25
23 55
86 55
14 90
48 39
14 26
34 28
28 43
28 30
70 49
66 61
27 16
12 35
51 58
59 34
82 51
31 30
69 78
20 43
65 40
30 75
17 8
1 22
12 20
50 47
6 80
17 27
95 24
67 47
29 39
82 96
7 49
36 94
24 95
25 26
40 85
30 76
36 28
15 74
28 47
39 98
70 76
57 46
100 6
90 98
58 20
18 64
14 19
25 70
97 53
25 41
14 92
51 74
21 10
59 54
94 94
90 9
22 34
82 88
98 68
38 18
98 72
96 56
96 86
18 78
94 75
23 17
34 74
13 91
23 52
89 30
33 47
72 46
65 19
85 55
54 55
11 4
78 20
9 27
97 82
73 27
54 8
10 62
2 67
46 72
7 24
11 11
96 51
90 18
14 35
62 17
80 31
29 51
88 73
96 100
35 99
66 61
9 6
20 74
57 9
28 60
48 27
45 2
78 70
16 73
16 100
62 71
68 17
36 65
56 89
30 65
58 96
75 15
8 45
84 77
16 38
8 4
50 77
24 86
71 96
5 95
82 93
77 97
38 16
58 64
1 56
9 15
28 96
90 31
40 99
2 36
69 5
88 23
23 5
53 60
92 44
3 56
57 46
97 47
36 20
3 86
80 40
27 49
63 93
17 76
83 47
88 81
74 57
72 68
65 30
63 58
23 50
72 11
64 52
60 41
52 81
57 23
86 36
59 40
23 77
15 58
85 62
87 21
95 91
60 41
68 13
63 9
57 26
60 91
60 4
47 39
8 68
53 86
58 71
84 93
14 21
26 47
20 4
52 34
73 16
91 58
68 63
68 16
9 72
67 77
92 5
13 64
44 40
21 22
66 86
78 60
2 61
61 77
22 76
13 78
32 29
72 98
44 54
81 78
22 58
96 40
9 41
36 30
81 99
90 6
62 14
11 7
20 64
54 89
62 83
37 7
56 49
16 97
84 97
46 88
19 17
75 60
22 12
26 5
89 100
56 29
29 75
91 2
63 41
80 11
58 52
90 2
14 62
78 92
96 74
35 1
3 59
59 27
82 53
38 35
35 19
77 47
58 87
4 69
44 26
45 60
8 65
16 55
50 94
40 54
13 7
10 46
12 58
1 83
91 51
29 75
35 99
64 48
64 100
74 19
44 85
42 75
62 28
60 73
90 14
59 66
78 39
97 45
4 58
69 52
46 72
82 57
89 34
3 10
26 15
28 94
41 88
95 85
76 75
47 79
86 69
12 81
11 84
68 1
68 13
53 62
41 77
16 92
78 33
92 37
85 96
16 60
94 56
47 11
95 92
94 91
83 9
93 97
67 63
45 22
60 11
55 47
52 92
71 99
87 17
29 20
86 81
86 76
87 18
65 79
61 75
39 13
77 48
91 61
23 75
94 23
84 46
95 97
8 93
94 34
67 30
10 72
94 20
58 28
5 91
35 34
72 28
59 94
19 18
23 3
5 89
77 72
76 59
62 84
29 93
33 55
63 18
27 99
71 1
63 93
67 94
49 15
71 3
38 84
43 21
60 96
71 83
69 64
17 75
65 46
29 15
56 4
35 33
56 15
25 32
4 15
25 62
2 68
36 53
6 24
7 37
54 100
27 97
53 60
92 95
71 59
68 31
69 65
40 29
24 78
44 5
38 17
70 41
92 85
22 96
8 5
82 47
7 50
75 63
18 46
85 81
43 61
15 26
62 99
13 88
80 98
3 90
76 55
25 53
38 43
90 9
61 70
62 48
9 60
64 20
43 62
43 21
11 20
63 94
32 77
76 81
63 81
78 80
51 43
47 25
56 58
7 16
69 40
27 35
51 36
88 36
52 27
33 34
43 66
56 85
31 96
76 100
60 38
95 86
58 30
95 99
38 79
14 36
41 41
24 25
66 43
23 6
23 60
62 23
38 20
93 74
100 42
25 55
79 30
7 93
32 80
46 59
70 59
79 2
76 23
30 35
94 86
81 18
70 74
79 47
4 10
90 3
43 52
60 6
84 29
9 71
45 40
89 38
97 30
63 35
73 41
94 73
89 47
1 96
57 44
35 40
87 54
59 40
41 23
48 10
84 99
13 79
8 40
51 30
70 6
46 33
79 5
62 34
28 7
76 62
97 21
22 46
34 84
14 33
74 4
43 53
53 42
81 78
31 16
99 94
32 82
90 75
68 8
69 52
39 82
50 22
87 85
48 88
90 64
21 81
50 1
89 26
6 33
98 76
40 70
46 7
62 100
71 89
5 77
48 28
56 68
55 8
14 39
29 57
13 62
16 19
82 71
52 94
59 36
56 50
98 86
59 100
90 69
73 20
1 53
89 27
98 79
33 44
45 41
25 4
42 95
67 28
54 7
99 65
62 64
92 65
21 57
50 88
100 87
18 51
83 32
28 54
57 17
40 5
50 63
26 63
23 19
81 77
39 39
24 72
15 84
35 85
43 36
10 24
72 90
1 17
9 25
15 92
13 26
39 22
2 33
3 48
75 69
51 7
64 97
57 72
27 44
16 98
68 7
6 30
69 35
12 56
38 82
17 50
88 22
67 63
22 29
52 66
26 6
100 73
28 96
25 59
80 82
51 62
45 31
70 54
26 48
54 60
38 80
56 55
97 44
50 86
84 45
73 98
16 2
11 77
18 1
33 86
53 24
19 36
45 98
53 32
8 85
73 100
69 39
36 89
22 80
42 44
70 89
4 65
94 8
21 84
8 21
39 58
9 36
23 91
45 72
16 41
7 93
7 85
2 57
43 84
85 26
26 77
36 78
75 49
33 82
89 51
1 78
19 82
53 23
35 63
86 45
97 18
56 88
27 57
42 35
51 38
63 99
43 9
84 100
86 60
34 78
87 9
5 62
70 44
87 76
46 31
99 67
51 7
78 41
4 15
48 76
16 45
52 100
100 92
22 89
94 26
24 80
43 11
15 73
26 88
49 1
11 97
72 51
37 68
93 9
79 61
2 70
44 14
11 5
43 2
77 47
27 33
99 100
96 16
65 92
77 63
84 83
15 58
68 48
38 12
10 9
8 99
91 39
74 40
39 75
16 30
60 30
33 43
42 19
57 52
75 39
65 45
16 69
21 85
6 72
89 72
1 61
80 93
14 24
5 37
54 55
39 33
49 19
4 49
21 68
26 32
42 62
25 4
94 94
39 24
85 99
89 55
66 51
65 86
49 59
75 70
71 82
54 80
47 71
99 20
14 95
31 59
5 87
95 61
33 33
92 4
97 57
90 4
78 78
91 30
13 52
39 51
54 96
50 84
99 7
93 77
56 13
35 10
27 94
19 41
93 29
33 23
98 36
39 99
79 5
23 91
62 47
98 95
10 52
81 58
77 53
24 75
17 93
22 2
79 84
7 98
38 56
12 44
96 58
99 64
16 78
26 86
36 12
71 58
18 52
79 12
61 29
5 66
39 34
16 97
37 90
36 46
39 10
3 54
97 46
15 24
77 25
20 96
95 50
41 54
53 64
79 55
47 96
2 22
45 58
40 17
25 99
20 78
58 13
62 39
71 54
58 82
1 11
42 1
43 41
65 41
65 69
55 14
3 85
41 5
85 9
76 94
30 58
26 34
78 25
15 41
66 87
10 34
62 65
30 73
66 5
46 48
41 70
12 74
57 49
7 35
60 43
14 53
42 4
26 59
72 42
77 81
20 99
14 90
72 71
60 46
44 55
19 49
12 10
96 2
88 78
25 44
2 3
58 1
6 64
31 85
35 19
97 14
98 13
6 71
84 73
44 79
58 51
83 51
95 32
24 22
16 19
70 43
10 37
77 17
73 39
5 78
70 21
93 32
97 15
61 96
38 26
45 8
47 64
57 85
50 41
65 54
78 92
52 95
27 47
31 54
17 44
98 22
79 98
19 21
46 56
28 83
92 1
53 81
49 96
17 3
1 84
66 44
33 86
31 28
54 23
87 5
100 58
87 2
81 96
55 29
9 9
74 78
34 59
81 76
71 8
62 35
19 44
71 63
99 17
87 46
68 80
79 66
91 87
100 81
78 71
80 12
74 84
97 39
32 65
76 15
87 34
50 70
87 95
83 75
77 29
55 53
87 68
4 72
52 48
85 54
21 10
100 98
32 90
3 28
97 47
17 41
69 33
53 67
16 38
89 4
72 15
62 77
55 99
100 54
65 67
76 61
77 98
96 11
23 11
65 11
26 77
72 81
70 56
77 4
82 1
76 70
23 10
21 60
17 43
57 56
59 44
72 52
3 82
85 67
71 21
1 56
88 86
15 93
43 69
98 93
60 62
44 81
44 16
68 62
36 96
63 70
79 3
8 31
34 18
30 98
54 8
37 29
40 67
35 84
38 20
23 31
54 100
98 99
27 41
48 13
14 39
48 10
32 77
75 11
41 38
55 50
48 1
90 69
78 58
37 6
5 74
32 26
86 28
32 14
33 64
99 60
52 99
33 21
34 51
58 2
17 9
21 37
15 10
31 19
50 54
26 83
69 31
44 76
63 2
35 10
32 12
1 96
79 16
16 86
19 11
19 20
94 15
6 46
40 76
1 32
58 80
13 59
93 58
18 99
33 21
45 85
39 5
68 43
94 14
76 27
75 19
9 49
36 73
74 9
41 2
66 32
45 3
69 50
66 70
70 21
25 16
9 53
54 51
24 59
84 37
5 10
73 1
85 62
92 42
65 27
20 54
66 22
12 29
54 43
31 12
77 85
13 6
81 74
34 3
54 99
92 2
45 57
76 24
60 16
90 72
64 18
37 80
14 7
21 83
19 18
68 56
39 3
26 86
13 57
64 9
5 29
38 36
73 11
36 93
92 37
65 99
35 39
64 87
2 70
83 21
19 2
88 39
76 98
22 71
19 33
97 15
59 28
14 81
7 8
21 82
38 11
66 7
73 78
82 60
13 42
6 100
26 47
84 85
55 29
90 1
77 100
61 71
81 34
70 43
66 7
73 13
79 88
18 12
19 5
80 75
27 44
74 5
95 6
15 75
10 47
84 7
76 13
16 61
12 92
55 20
4 100
15 45
61 53
7 11
88 90
64 18
11 31
39 41
87 52
71 15
5 31
51 97
24 11
73 9
1 71
81 14
15 93
79 79
88 12
73 22
85 34
45 94
17 11
51 10
1 74
39 40
87 76
82 9
38 83
60 4
13 2
57 18
40 74
21 24
4 100
42 65
52 79
23 3
55 65
77 65
74 35
44 84
5 96
87 12
92 100
2 15
82 51
7 61
49 100
97 18
45 48
28 20
8 57
57 70
72 19
88 75
36 73
99 45
55 72
45 79
80 79
31 57
85 15
64 58
42 15
6 79
7 89
19 44
68 77
57 52
74 36
69 83
68 5
41 68
63 67
44 98
25 7
69 9
12 98
47 26
44 77
85 70
64 68
56 12
34 59
64 52
7 72
6 5
18 83
28 37
31 48
59 2
83 22
64 48
68 8
27 6
50 76
87 72
17 67
4 5
35 63
46 52
77 44
11 28
52 31
36 53
65 40
55 1
17 57
47 27
76 37
27 15
60 19
86 55
41 14
24 77
73 70
89 89
4 60
69 86
32 12
37 43
91 44
1 41
82 82
29 71
9 23
19 4
28 6
44 19
22 46
32 11
61 49
4 30
47 84
27 40
71 7
37 37
31 22
54 39
68 21
39 87
75 34
86 22
27 2
23 100
17 85
34 85
99 18
38 47
50 80
84 24
59 8
33 79
78 7
99 93
73 90
99 53
51 59
54 16
15 39
82 100
18 99
75 99
6 78
32 29
88 41
36 92
99 54
50 21
55 69
30 29
24 27
69 90
20 21
40 84
100 78
24 54
87 86
11 91
19 93
10 59
38 46
100 13
20 47
64 33
45 100
59 28
44 72
88 44
65 70
4 81
94 94
96 83
73 41
52 63
98 38
2 93
68 9
90 44
69 56
90 82
19 5
33 35
61 51
60 68
24 19
52 56
65 26
23 48
76 23
55 39
28 41
64 81
99 76
44 5
36 28
4 94
42 50
50 67
46 95
11 35
32 11
1 23
52 14
23 81
6 5
7 56
83 40
61 44
10 88
19 37
19 4
75 47
14 57
33 32
61 32
57 82
86 69
63 47
79 1
64 32
27 57
55 9
72 61
22 9
82 83
7 20
91 81
94 25
66 26
93 43
61 49
71 43
16 8
57 27
84 28
56 37
62 72
82 99
89 77
2 11
76 99
71 5
56 17
72 11
17 51
91 49
39 54
88 30
41 86
21 77
32 57
70 99
97 20
36 51
60 45
66 36
66 16
93 57
38 23
20 3
43 31
27 82
10 80
90 13
66 96
94 90
54 59
27 70
43 87
62 79
14 22
20 98
38 10
24 22
71 14
67 29
79 22
77 92
96 87
47 64
5 97
25 42
73 61
11 5
98 87
92 47
43 1
68 50
61 83
94 28
30 10
23 1
82 42
96 97
82 88
14 23
60 11
8 52
17 70
27 65
64 22
45 85
8 63
90 87
69 61
15 66
89 24
49 51
44 66
26 45
8 57
46 98
48 95
49 55
66 98
74 31
27 39
95 48
100 57
19 14
1 66
66 68
98 74
80 30
22 23
8 79
95 74
49 90
83 73
76 28
4 44
78 73
82 13
74 99
26 13
15 29
82 45
39 19
31 38
73 32
12 74
28 84
60 54
84 40
89 42
68 80
24 43
39 86
20 7
69 81
16 49
27 36
20 80
30 59
68 77
86 62
96 94
70 82
37 85
18 87
12 67
3 57
7 73
77 2
28 49
87 98
37 56
11 51
92 97
56 47
78 43
88 92
6 23
28 52
87 70
43 48
66 1
77 29
49 95
87 54
34 31
42 13
74 68
55 44
19 15
23 45
21 79
81 40
2 57
52 94
73 100
58 47
60 70
91 81
61 3
90 38
62 57
73 93
86 98
41 20
95 22
29 57
62 24
85 96
52 35
16 28
82 2
19 28
14 24
83 53
25 6
56 7
2 41
51 66
85 20
59 90
69 39
68 57
24 100
43 10
86 88
44 44
19 11
89 17
73 20
13 92
44 77
82 53
49 3
48 13
89 64
71 46
24 16
25 41
43 31
69 33
47 72
70 17
14 47
4 80
33 99
21 68
58 62
22 40
84 55
41 61
71 67
46 71
89 35
15 83
61 61
85 98
96 17
93 30
15 92
52 6
3 34
70 13
9 73
76 4
21 46
45 2
61 98
100 64
78 75
97 64
47 55
45 84
5 3
61 65
63 4
17 67
57 37
99 70
75 52
28 37
42 18
66 44
51 82
1 40
97 68
81 15
44 47
39 28
21 8
74 12
37 44
71 3
6 63
78 11
41 57
13 69
21 43
8 32
92 19
54 13
57 42
83 64
32 88
4 27
51 33
80 33
22 97
73 75
78 55
24 20
59 78
97 60
74 98
55 47
86 60
72 100
45 92
7 95
93 7
42 35
50 93
1 44
48 7
42 83
15 71
66 57
67 27
13 21
4 68
48 89
88 61
52 53
57 2
20 43
82 38
49 54
79 49
96 84
11 61
54 75
4 67
96 25
25 86
40 18
31 46
33 58
21 81
79 36
3 83
23 77
95 5
12 15
75 49
67 91
96 11
40 53
27 97
20 97
32 2
100 83
58 97
3 44
32 19
40 18
82 54
58 54
95 97
79 76
77 6
2 31
34 61
50 9
88 43
89 71
26 37
82 97
21 7
44 69
4 8
95 43
25 22
55 74
91 31
55 98
32 97
16 98
86 32
79 90
36 88
8 58
21 8
48 72
58 67
2 22
57 92
51 6
58 60
44 23
30 83
61 11
83 9
41 30
28 79
85 96
63 41
67 74
81 72
31 44
73 1
74 69
1 97
14 74
59 71
5 34
82 85
96 39
33 67
22 7
75 42
90 12
60 63
33 42
93 28
8 19
59 61
68 25
55 94
37 85
98 45
66 40
75 66
41 26
60 49
4 76
40 33
27 47
74 21
16 68
91 4
80 52
65 79
40 5
66 28
86 81
28 2
93 73
32 78
52 51
8 16
37 43
14 93
15 31
51 20
96 85
85 94
97 74
37 6
15 100
24 86
68 73
41 35
27 54
10 29
65 20
76 6
25 12
25 92
35 20
98 88
47 43
76 41
17 96
17 70
82 100
75 60
63 46
22 71
92 87
55 90
66 48
4 3
80 28
45 20
11 5
26 67
85 30
45 50
22 29
68 90
8 95
18 93
90 92
13 92
24 21
58 85
41 88
12 36
42 33
47 37
63 4
83 96
66 62
61 48
5 77
87 84
33 91
79 99
72 45
39 48
52 39
99 17
54 22
57 20
85 95
52 30
35 1
41 89
69 31
56 66
90 71
90 78
61 100
19 73
41 23
33 74
25 21
95 4
72 73
61 74
92 52
18 79
49 46
25 66
47 38
76 28
2 74
91 18
98 98
35 61
47 83
39 35
33 46
69 78
1 46
44 20
83 34
14 8
97 62
69 92
24 59
23 21
56 45
37 86
51 9
63 74
86 58
46 47
12 9
83 52
73 42
40 34
49 10
70 16
52 5
96 32
82 51
16 88
47 8
6 24
57 32
98 56
24 71
40 64
86 4
47 4
48 91
64 42
61 46
20 15
9 1
18 31
3 13
60 72
90 71
27 92
9 79
54 82
87 89
8 72
100 2
61 94
58 10
74 55
38 97
95 46
94 54
5 40
46 13
95 52
88 56
65 28
77 25
46 4
66 83
98 63
16 11
20 66
16 72
9 28
12 35
9 82
7 72
3 9
61 83
28 17
50 77
17 47
80 55
62 6
83 53
20 80
6 3
42 7
4 59
81 5
90 25
5 61
79 41
10 10
38 100
68 6
26 70
49 26
74 88
8 72
76 75
60 62
61 77
11 33
88 89
48 2
49 99
38 72
44 37
86 20
29 46
39 90
39 62
86 28
71 83
40 9
85 14
49 77
22 19
35 24
3 81
13 100
71 73
83 10
16 60
10 71
25 8
20 57
66 68
32 9
19 75
50 78
83 74
31 14
66 6
82 92
82 46
55 68
80 46
1 76
67 8
58 8
13 21
34 65
98 10
64 10
38 17
94 70
49 26
88 43
87 15
47 88
52 55
28 59
58 100
82 8
37 82
4 79
43 16
55 15
11 13
76 77
100 2
33 37
75 65
29 80
74 28
8 90
60 70
76 26
72 51
7 56
16 82
39 28
63 34
40 47
38 94
78 58
70 99
83 40
44 81
32 45
92 12
76 45
61 7
96 65
62 97
16 49
95 75
27 16
42 20
47 68
8 73
65 72
67 17
56 83
48 61
20 31
49 81
29 44
77 77
38 68
64 25
93 20
39 92
83 76
95 71
4 44
81 49
40 12
75 38
34 70
51 45
94 76
53 31
34 13
74 2
84 3
69 94
50 9
86 80
21 12
36 29
62 3
29 27
44 62
35 79
56 44
79 67
18 2
57 46
60 74
100 50
82 39
71 89
14 74
33 5
35 4
94 33
42 14
9 10
26 19
74 27
8 54
49 39
45 63
38 87
27 77
29 59
95 64
73 87
60 45
26 92
97 29
43 2
80 63
12 97
97 72
1 22
18 26
52 94
39 91
32 48
74 73
56 95
45 56
39 90
77 9
35 69
33 68
25 29
70 84
9 56
34 97
99 21
55 23
24 84
72 70
58 10
19 89
55 42
79 28
28 52
5 70
87 89
30 26
49 61
16 93
27 92
87 54
89 12
43 53
26 23
38 17
4 92
38 80
7 50
11 32
11 74
90 84
82 72
84 71
63 66
74 63
56 69
52 32
83 75
12 33
88 33
62 86
36 41
35 32
34 58
45 56
3 99
71 9
24 12
29 76
58 4
85 33
34 21
4 76
49 7
26 31
51 93
66 8
9 6
65 66
34 58
36 62
29 54
87 1
36 64
65 73
81 71
27 76
58 25
93 13
23 22
96 38
1 82
12 31
83 80
63 88
43 81
54 12
56 61
23 50
17 88
56 49
14 52
28 19
54 55
49 36
61 70
61 71
3 98
80 32
6 12
82 21
83 11
31 23
8 34
1 39
33 41
21 10
16 20
1 42
26 47
82 8
79 47
44 100
47 7
5 86
6 45
22 99
65 86
69 43
24 79
64 12
17 32
86 45
39 91
98 6
72 87
1 25
17 5
44 42
80 13
72 4
96 60
59 64
20 37
35 3
92 68
98 65
13 27
52 68
34 8
32 82
12 9
50 71
32 86
36 21
12 31
4 91
26 93
50 43
21 1
5 54
98 27
69 91
17 32
9 43
53 82
37 76
39 7
2 10
51 36
67 98
50 100
74 4
82 9
66 82
36 40
45 93
76 88
13 53
90 46
68 43
59 34
77 50
28 28
10 7
32 51
32 15
84 36
15 67
59 68
74 30
95 32
5 10
57 11
21 19
74 85
93 53
61 53
50 42
12 38
85 28
70 44
74 77
38 88
22 24
31 25
80 46
79 33
83 19
99 27
39 79
38 40
11 64
92 30
16 92
32 44
35 99
65 61
75 26
88 92
7 38
34 62
88 54
54 89
50 3
85 46
24 10
39 7
60 7
81 53
61 99
74 92
1 42
90 97
5 16
37 74
74 54
38 54
58 29
83 59
82 83
89 71
69 62
24 83
66 66
78 84
77 49
42 43
62 94
41 37
41 29
31 30
40 60
85 77
93 96
20 39
45 49
84 61
61 34
81 23
38 65
98 48
21 91
67 87
64 92
49 6
55 67
80 36
71 45
63 73
90 93
81 68
50 41
97 54
81 26
49 38
70 4
84 64
88 83
71 59
57 19
70 8
100 49
17 83
13 66
3 77
55 20
19 35
10 79
56 81
40 97
40 49
69 85
12 47
8 38
18 68
39 83
25 59
23 73
92 72
19 87
33 77
12 98
54 31
71 15
24 6
77 22
18 47
53 46
3 31
19 82
13 85
73 36
70 59
95 42
69 12
20 97
27 3
73 18
51 13
36 95
67 28
44 65
88 56
68 90
18 98
88 51
27 19
10 61
94 58
43 10
26 32
70 43
32 65
89 8
73 47
7 89
73 51
60 28
25 84
72 20
47 57
63 19
98 38
98 42
49 94
31 2
44 83
22 61
97 47
95 41
80 45
50 27
35 65
69 42
10 10
62 3
19 16
17 75
86 24
70 50
94 8
67 25
56 46
3 49
95 94
57 14
40 38
40 67
3 3
17 20
1 28
97 11
35 63
38 98
42 32
92 72
97 97
23 95
85 73
62 87
8 69
31 65
47 57
85 29
37 87
74 38
39 64
84 28
35 7
12 92
38 62
84 87
32 13
46 35
62 68
60 77
98 67
22 88
53 37
16 90
62 75
93 9
78 32
88 8
42 92
71 64
52 51
14 35
20 87
24 85
76 4
50 97
21 51
61 36
25 60
54 54
50 99
75 18
89 14
77 40
57 60
63 62
22 52
89 76
56 52
12 58
90 77
62 72
40 80
1 84
23 48
2 21
11 33
64 82
15 31
66 52
90 47
87 50
57 69
37 69
85 23
86 29
22 60
4 66
32 72
68 86
46 25
17 24
75 37
11 91
58 18
30 10
45 61
25 97
5 56
78 14
74 26
23 21
26 49
36 41
45 89
35 96
14 82
100 97
77 60
76 45
59 96
77 10
25 63
91 66
44 66
15 64
21 58
62 75
81 87
29 88
100 25
38 24
25 35
50 88
97 36
12 96
30 62
62 11
4 88
44 44
38 60
3 17
25 46
77 92
35 93
79 97
44 59
8 72
8 21
72 16
21 18
38 15
2 50
24 57
58 85
77 27
90 18
10 83
30 25
43 85
33 28
37 72
15 85
54 96
58 18
13 67
68 66
60 69
16 95
61 68
82 5
9 24
83 90
32 3
43 12
59 9
20 31
13 43
88 74
97 38
24 66
47 97
20 36
73 29
53 96
75 27
89 32
99 90
90 51
74 82
81 69
78 57
39 50
64 57
98 43
57 49
8 14
2 15
59 99
27 30
13 80
38 89
25 28
7 21
35 35
14 12
43 31
22 50
29 25
81 96
88 30
13 45
69 31
24 21
57 95
59 68
81 12
70 59
53 9
15 55
44 50
52 98
71 49
6 60
22 84
16 45
40 18
18 56
12 26
78 23
40 31
94 75
12 68
36 90
40 3
78 90
58 36
56 67
57 83
19 22
7 1
80 61
10 53
82 81
13 40
45 3
40 86
88 19
63 54
38 81
14 59
3 17
100 4
3 12
28 17
62 83
20 21
89 47
91 95
40 23
97 41
39 7
79 35
46 21
1 56
33 28
22 85
17 56
46 46
72 18
54 64
88 91
88 25
76 45
32 35
49 94
38 76
19 12
53 29
76 54
82 34
62 89
8 26
91 19
97 30
27 82
86 36
96 10
34 88
21 80
47 31
33 30
20 35
46 18
25 62
75 90
77 57
46 62
39 91
98 28
75 59
81 69
54 4
83 98
80 12
52 48
95 72
66 40
71 73
55 23
81 24
76 20
84 50
45 97
16 24
12 64
68 25
49 72
81 88
10 10
4 97
45 19
88 34
21 14
12 78
36 85
73 28
58 69
21 19
92 95
23 27
85 59
2 32
99 71
63 35
50 45
26 49
15 10
30 6
9 68
61 83
78 83
93 45
86 96
39 91
20 74
28 87
4 41
29 59
62 63
91 75
74 71
29 71
19 71
43 49
7 27
67 13
50 10
96 47
35 13
39 1
63 50
99 78
3 29
82 23
91 20
41 44
27 23
97 78
71 70
48 42
3 67
87 53
6 67
46 62
48 59
88 85
66 30
71 70
16 68
76 65
64 81
8 46
85 15
100 39
16 96
16 49
53 33
46 27
38 54
85 66
17 80
37 36
30 3
23 1
19 52
46 95
71 81
85 46
33 60
27 21
95 39
30 20
91 3
72 88
52 65
80 94
16 28
44 29
19 59
90 39
9 9
5 73
43 56
33 44
83 29
71 8
10 1
5 3
2 30
68 57
16 40
62 12
13 31
54 78
5 26
81 18
41 26
37 43
88 31
60 63
44 35
46 76
95 52
77 94
53 73
83 20
3 61
33 25
67 31
24 66
18 63
74 92
44 55
65 57
37 7
89 58
38 5
65 53
25 69
80 19
67 99
45 11
66 11
87 8
54 47
100 35
37 37
19 73
57 1
14 56
89 78
75 24
5 3
65 22
57 46
88 19
45 45
89 50
31 74
18 68
43 77
35 66
48 48
55 21
35 2
56 85
66 74
59 6
34 43
41 92
88 67
29 63
89 43
5 45
63 99
71 50
34 51
32 37
98 5
31 28
2 98
37 68
5 51
35 49
3 46
31 38
85 53
19 38
42 56
15 52
30 66
63 67
70 46
65 3
31 60
21 65
32 26
22 40
96 27
16 8
100 57
4 5
30 97
61 69
95 98
34 67
28 28
15 94
67 90
11 25
94 21
16 17
14 95
80 75
81 25
67 13
95 20
13 58
68 48
13 91
22 95
9 16
100 14
80 64
29 28
6 60
58 9
78 66
44 20
60 78
65 37
4 40
4 30
16 55
93 68
5 63
7 52
19 33
3 81
5 59
80 27
8 84
67 24
43 41
95 60
94 42
80 16
23 24
50 60
28 47
89 74
29 78
74 32
42 69
97 36
17 4
54 50
75 61
77 79
84 11
32 3
8 89
82 75
32 21
24 93
72 9
82 63
73 50
7 35
63 92
73 17
35 97
96 64
71 13
52 42
44 61
27 76
49 59
13 12
86 37
58 94
16 7
20 54
59 64
27 5
37 68
16 65
3 34
23 25
37 15
33 9
22 42
45 89
2 77
46 59
50 20
16 79
56 79
73 65
3 56
95 32
21 13
81 42
50 39
52 79
43 78
100 1
4 40
85 1
62 71
87 87
36 85
85 15
65 44
45 82
6 19
62 1
8 28
71 94
87 58
62 62
59 81
21 24
79 30
56 26
96 49
68 57
86 87
33 37
28 33
73 96
15 22
100 65
36 84
42 49
99 71
61 79
52 86
52 94
1 2
89 18
81 86
77 81
96 39
24 35
96 70
89 48
30 49
44 88
50 33
94 94
72 17
5 50
48 60
52 16
85 69
60 80
81 56
68 91
8 49
4 94
6 83
93 7
58 11
36 92
28 41
42 77
6 60
81 83
66 18
66 10
46 92
15 23
15 59
51 70
68 44
82 14
12 68
91 54
13 23
46 18
78 93
45 70
40 59
8 27
55 71
2 96
59 83
69 36
95 31
5 44
78 3
25 33
31 19
81 1
8 42
74 72
29 99
33 36
84 41
77 49
78 99
99 7
77 75
14 64
35 33
16 88
29 74
53 85
46 77
29 48
15 35
32 79
67 71
25 11
93 32
34 53
2 27
76 24
33 46
46 17
13 79
92 5
91 21
58 40
27 17
99 68
61 22
55 65
87 75
32 72
20 79
16 16
64 83
57 5
34 7
73 43
28 12
4 13
22 20
67 88
84 18
78 42
73 6
48 96
36 62
63 20
63 74
24 73
69 93
1 42
21 2
87 10
85 18
55 72
10 76
23 15
47 6
23 88
93 100
93 65
94 32
19 5
15 79
82 43
40 77
65 26
69 87
87 3
36 23
49 53
48 82
52 1
50 12
66 75
75 2
30 66
65 30
56 23
80 1
3 51
75 9
79 37
35 19
3 72
25 95
7 84
83 81
50 100
80 7
27 26
73 94
56 79
86 83
13 33
83 56
55 70
90 2
53 46
92 47
15 3
51 55
61 68
7 37
60 80
42 94
82 22
40 31
76 46
94 15
25 95
45 50
16 65
50 18
46 25
54 11
26 72
73 44
21 42
96 71
20 21
99 86
8 3
84 23
41 81
4 25
45 33
87 63
81 30
52 58
60 80
56 73
81 70
16 19
7 70
33 75
34 9
15 89
35 8
61 24
16 21
85 49
86 20
84 10
69 49
66 1
17 78
89 94
36 99
89 72
76 22
94 6
34 18
26 7
89 9
36 57
24 58
100 53
28 100
95 30
48 86
47 39
28 50
96 60
54 83
39 50
4 35
60 55
45 50
86 5
31 57
22 61
23 74
72 90
45 9
2 18
83 30
64 2
64 77
56 99
15 99
27 83
76 36
76 29
6 57
81 17
41 1
81 1
39 30
39 89
76 18
75 82
96 87
25 24
92 9
56 24
24 65
71 85
99 20
36 33
35 76
11 53
37 88
32 85
24 75
13 52
52 29
69 34
71 4
23 88
68 27
24 47
7 96
78 38
40 71
52 51
12 51
58 11
80 21
66 3
26 46
24 23
70 41
100 39
98 60
30 98
66 74
75 28
71 38
86 25
87 40
70 55
39 46
30 1
18 25
51 96
8 70
62 40
54 57
23 62
56 71
55 8
99 84
44 38
25 33
61 41
91 17
14 50
37 82
87 89
89 31
79 35
87 69
1 57
19 48
66 37
54 88
45 92
62 62
54 35
12 78
20 47
100 70
68 66
89 32
74 23
60 23
58 60
80 54
95 9
88 23
96 15
35 95
33 8
11 50
11 44
74 22
20 77
3 60
36 88
23 69
53 40
52 10
53 78
91 63
92 55
100 91
41 31
8 27
50 18
47 28
43 28
23 51
88 64
56 33
53 84
46 85
62 82
79 60
24 67
32 95
4 96
73 53
70 45
5 43
10 87
54 87
47 74
32 17
86 51
38 5
42 66
25 72
37 64
81 68
26 65
66 11
87 23
37 93
50 36
87 29
84 44
84 5
48 59
78 72
29 1
97 12
42 1
28 83
55 27
96 14
35 73
1 10
20 80
85 84
19 23
66 24
38 10
46 71
1 56
47 90
63 37
99 70
31 34
23 81
62 46
46 41
41 40
39 33
34 97
50 3
19 42
79 62
79 85
49 43
56 94
58 11
3 51
57 12
50 38
64 90
95 5
6 8
61 95
71 17
62 59
30 22
64 53
52 40
32 12
94 68
3 94
56 49
72 83
58 4
17 8
21 7
23 89
54 75
38 2
17 63
16 99
24 26
39 98
99 17
49 28
68 93
73 52
60 43
93 56
26 10
28 97
61 69
21 79
79 8
34 95
34 32
34 91
94 74
63 77
20 32
16 10
92 72
26 15
21 50
87 72
76 68
24 13
48 55
51 99
76 100
68 18
25 14
16 80
64 21
42 50
44 9
48 69
61 5
21 35
97 29
1 93
17 19
92 37
78 23
18 32
99 84
80 99
63 71
16 97
59 32
20 47
98 86
99 88
28 42
60 52
43 75
24 12
38 56
24 57
37 77
58 5
45 21
61 87
85 74
6 62
7 9
13 82
60 87
58 34
91 33
39 4
52 86
42 85
31 97
81 2
86 70
92 97
9 21
85 7
37 96
46 80
40 7
75 42
94 66
28 4
44 20
82 76
17 90
12 48
89 6
58 74
8 42
28 9
15 11
72 54
93 15
19 97
15 23
13 82
78 43
22 1
12 81
29 14
8 24
72 20
60 18
56 39
10 45
8 60
3 42
48 94
2 91
63 36
98 85
58 34
82 48
14 12
11 12
77 74
1 32
75 89
3 56
51 28
92 71
36 43
88 71
8 24
98 17
64 42
76 60
57 9
37 27
62 81
31 25
55 99
1 61
82 88
95 6
10 80
77 7
47 86
64 84
99 29
56 53
61 73
27 39
70 32
50 39
37 72
85 26
93 94
61 45
87 46
38 62
27 93
47 99
66 4
31 90
14 17
62 51
7 65
70 28
54 88
21 13
23 10
47 91
65 44
55 1
85 73
81 16
71 13
12 11
95 34
20 90
89 95
12 57
85 53
26 95
68 49
43 47
40 73
100 12
30 90
49 59
97 7
81 31
92 90
95 28
79 60
67 32
81 9
31 63
1 27
45 45
74 51
66 40
90 13
27 52
3 1
46 13
26 66
34 85
62 93
54 57
10 84
94 8
94 3
56 31
63 6
40 75
25 46
68 33
94 25
37 5
92 77
57 31
50 29
61 49
52 66
24 28
87 60
32 13
96 47
78 1
46 21
86 27
93 64
18 24
88 19
23 4
58 36
24 17
26 33
47 37
72 56
8 55
86 40
1 28
39 36
27 61
45 42
62 20
5 95
61 73
71 94
12 66
72 56
18 37
23 42
14 10
30 36
96 96
5 58
64 31
27 99
65 18
81 14
39 93
77 54
81 34
47 54
6 54
32 98
93 74
70 26
71 35
14 100
58 52
54 91
36 34
23 32
24 48
75 5
47 51
84 85
54 27
80 58
75 12
42 24
87 67
49 9
10 48
100 47
74 65
52 28
94 3
32 91
21 33
75 49
26 23
13 61
94 53
67 23
76 4
92 56
65 60
3 95
20 92
43 80
72 81
78 36
50 94
43 91
28 6
36 76
89 59
6 78
41 60
43 23
9 92
62 76
62 87
32 68
2 78
89 94
1 47
46 49
69 88
39 22
33 91
60 41
74 14
98 43
84 83
71 48
14 42
88 94
81 7
12 98
37 86
95 36
67 25
30 9
40 89
21 2
61 91
7 21
45 100
2 50
62 4
91 61
72 98
99 81
69 81
4 19
45 93
98 24
35 96
30 85
6 42
16 26
3 11
75 67
15 28
93 42
38 32
30 81
99 93
95 21
84 25
21 5
94 91
18 99
64 60
41 29
22 8
75 60
78 91
92 25
90 45
24 15
26 70
58 47
2 4
55 39
95 53
89 37
23 12
26 28
81 89
75 35
24 78
72 91
19 84
31 55
88 74
49 22
37 54
86 66
40 64
75 47
75 7
17 28
12 53
44 73
65 54
74 44
22 68
19 15
38 95
88 3
13 22
79 64
32 77
87 59
26 28
75 15
95 89
77 39
43 52
30 10
4 68
24 56
20 79
22 58
25 12
80 14
35 80
88 99
91 85
12 80
23 3
4 75
93 42
57 53
5 91
29 83
13 52
87 33
64 35
84 91
13 92
25 37
86 68
11 23
54 55
43 88
91 53
21 43
2 5
65 56
65 4
84 58
82 27
16 40
78 87
45 72
99 44
61 60
40 31
6 57
29 17
62 28
96 59
18 87
46 64
22 63
76 15
18 52
72 71
56 52
76 90
3 45
31 3
43 57
26 35
77 61
53 78
1 44
86 82
73 23
78 56
76 52
71 9
57 37
80 50
7 72
19 86
87 38
13 83
33 76
84 41
9 40
43 80
75 84
68 11
5 22
20 31
8 47
23 19
25 87
7 14
56 48
24 92
4 63
7 89
28 38
68 51
80 26
84 79
67 62
47 2
75 64
81 83
2 54
76 24
30 18
31 74
81 15
4 74
11 98
58 51
85 93
96 8
94 25
11 6
64 5
31 15
64 7
51 70
36 25
38 68
3 74
12 51
17 22
77 88
29 6
34 77
62 10
60 51
84 58
13 27
72 1
56 75
86 18
43 27
45 11
25 56
37 89
91 39
10 100
31 15
74 33
27 2
89 97
79 39
54 87
14 25
20 1
16 59
2 81
91 88
96 34
48 60
60 62
49 83
37 9
3 43
84 69
90 34
43 62
66 11
37 37
25 76
73 11
17 38
65 37
83 86
77 91
68 35
60 26
94 28
56 68
79 41
61 66
95 97
32 8
17 12
19 38
21 41
71 18
5 99
10 76
33 64
79 25
33 99
71 13
18 52
47 62
26 54
76 19
83 66
92 91
16 7
30 86
75 12
37 93
54 16
31 44
100 57
63 88
18 37
41 48
70 50
73 29
98 10
11 57
68 89
3 6
2 84
7 48
41 16
29 54
79 71
2 56
77 87
43 99
43 84
53 32
74 82
82 12
37 66
34 31
83 5
25 95
5 87
25 22
79 59
36 52
79 33
99 95
19 70
59 74
92 44
81 50
13 11
67 10
59 58
95 40
68 67
46 82
99 35
37 33
83 42
89 19
40 81
87 20
80 58
95 57
70 57
23 28
24 40
8 18
33 9
40 2
16 14
65 50
72 86
42 21
64 9
42 80
98 51
76 51
43 96
57 10
51 24
28 7
59 15
10 76
16 68
13 82
52 41
78 59
48 97
15 24
21 5
83 42
34 52
7 34
71 81
22 55
52 98
16 42
15 22
42 58
1 97
62 81
91 48
98 73
72 10
92 31
32 99
54 82
11 99
44 41
7 29
44 52
45 45
85 27
1 3
31 56
52 41
33 51
34 38
77 74
62 6
67 92
90 4
25 72
31 76
100 74
12 43
99 56
86 29
28 34
5 91
100 12
17 97
88 12
58 99
27 87
36 99
15 29
9 55
66 1
68 64
54 74
14 82
58 44
55 59
14 5
49 39
27 88
51 44
66 91
85 66
16 27
59 25
15 98
63 81
48 51
21 55
64 7
43 36
1 55
55 37
88 5
85 90
35 33
69 47
62 22
23 43
82 30
95 98
97 39
64 72
23 92
18 87
89 67
18 5
51 45
93 28
34 7
29 58
53 44
66 12
61 30
76 87
29 51
73 11
38 40
86 99
90 35
6 27
89 53
27 71
82 87
75 3
58 28
18 100
43 41
96 54
39 92
51 45
87 43
64 98
22 49
22 17
27 83
11 6
74 19
59 52
67 34
97 6
87 92
17 7
18 12
12 58
87 33
89 90
48 76
40 27
69 2
12 17
34 38
61 70
45 27
66 48
22 31
96 35
24 51
4 10
20 9
55 9
53 44
85 63
71 4
92 62
87 69
8 32
63 7
80 48
62 85
99 41
94 63
88 74
8 5
14 49
44 79
11 50
1 68
25 43
7 72
9 18
36 63
89 48
78 72
65 42
54 74
18 48
42 55
42 91
24 14
55 28
9 39
86 38
69 60
47 32
8 31
98 100
10 44
59 64
45 51
24 74
71 59
12 73
20 48
69 36
19 58
9 6
38 75
17 47
89 33
4 19
50 19
33 70
68 5
51 15
56 21
67 39
35 86
21 6
68 92
79 43
72 85
4 17
74 61
72 86
17 45
52 30
99 2
41 77
37 6
94 85
69 47
19 15
2 36
4 31
53 35
8 4
25 80
47 93
56 22
58 86
64 33
91 65
23 61
66 4
61 49
100 96
90 19
17 5
68 50
94 3
82 8
11 1
31 6
64 71
18 90
60 42
9 69
80 47
59 55
33 48
45 56
61 52
65 54
76 8
74 41
40 17
38 54
25 81
20 89
82 95
32 54
48 9
18 60
57 42
56 74
44 83
42 54
89 65
75 13
53 42
9 74
87 17
84 34
63 85
29 16
55 69
4 34
45 12
79 26
75 30
72 86
32 25
88 37
15 73
36 96
8 78
9 39
41 25
91 45
16 90
58 75
46 8
4 46
98 13
83 98
32 61
18 74
40 100
55 100
70 84
79 19
24 95
41 55
78 6
99 12
10 1
46 99
71 90
9 54
26 94
67 26
83 24
4 81
81 51
16 30
42 3
23 97
16 64
30 65
88 53
52 72
74 76
95 22
75 78
69 78
20 80
54 74
29 84
49 54
92 32
63 28
76 57
17 67
1 45
59 37
42 44
53 73
74 77
44 25
44 97
18 88
12 69
81 44
95 8
94 5
18 66
37 28
84 64
1 100
70 87
5 84
23 57
46 8
26 12
60 73
18 85
36 7
46 60
10 51
42 12
56 91
48 50
90 71
31 59
13 60
15 53
75 26
5 27
55 38
58 79
74 45
57 92
62 90
7 71
84 88
38 53
8 96
9 97
89 72
92 26
1 60
7 77
48 20
11 61
69 96
52 99
55 17
54 24
48 54
55 5
9 11
40 73
62 12
31 35
13 78
91 50
52 85
12 3
1 15
89 38
25 94
62 53
76 20
16 40
15 60
25 43
45 32
17 60
60 99
67 33
61 41
94 20
83 93
16 71
2 84
87 45
57 95
27 75
19 72
64 55
57 22
51 30
59 22
31 11
10 52
98 62
26 64
54 28
75 59
63 20
19 63
43 63
2 99
76 18
40 18
5 54
2 14
12 19
48 38
56 34
96 70
5 1
46 72
83 31
87 42
98 27
68 6
27 58
52 27
79 30
73 82
20 88
84 19
31 35
95 38
75 93
1 38
56 97
2 23
50 91
83 50
9 53
57 37
39 44
100 20
80 71
62 81
3 33
74 41
84 82
9 60
33 52
41 12
29 44
63 46
25 75
21 4
95 22
15 52
41 78
14 45
45 13
82 84
39 40
35 70
98 95
76 78
5 73
63 49
95 8
43 59
97 1
40 37
35 44
96 96
49 54
60 36
71 68
78 26
7 74
56 72
88 60
65 63
79 75
49 91
25 29
89 30
70 72
12 13
82 72
72 61
92 42
90 79
30 43
15 2
50 52
65 18
80 53
8 79
49 89
60 61
3 6
39 20
91 47
65 38
47 5
17 18
28 17
21 64
89 90
7 86
78 52
59 81
85 41
39 54
80 92
15 97
77 48
32 92
47 56
9 63
8 30
89 66
28 98
89 52
90 58
9 95
11 6
81 57
90 66
3 90
67 32
7 83
47 85
17 68
64 90
32 15
85 21
38 73
77 61
81 74
64 57
67 61
88 14
32 88
14 50
93 32
47 89
32 64
98 36
10 82
3 93
98 58
97 37
16 88
48 93
87 10
64 39
82 98
19 28
35 79
62 23
75 2
70 10
71 55
42 16
58 48
46 95
49 65
13 9
28 79
44 27
37 93
93 42
66 83
82 10
97 92
16 52
33 52
94 92
29 96
61 93
56 14
68 89
98 32
70 9
59 26
80 75
24 3
69 31
43 79
71 26
67 11
27 23
55 32
65 48
72 49
36 6
100 84
5 2
85 2
24 87
15 16
18 2
32 44
6 8
36 97
2 52
39 8
97 33
75 17
23 4
100 69
98 48
68 4
24 72
11 28
61 49
68 28
53 12
47 65
26 54
11 79
26 78
67 23
27 43
98 10
66 56
66 33
17 67
53 39
70 33
67 47
20 22
42 80
80 84
37 22
96 96
1 82
53 37
45 63
70 18
83 100
54 31
77 40
5 72
33 93
52 91
38 53
33 26
29 93
23 44
16 81
81 84
65 24
72 40
32 36
25 59
65 56
94 16
10 73
32 18
67 57
18 68
81 75
97 42
9 27
35 70
18 41
36 29
61 54
20 95
82 28
41 57
29 81
24 24
57 16
24 35
72 41
64 50
16 84
37 7
50 60
45 44
88 62
39 81
91 3
80 18
36 35
69 48
50 4
76 27
34 32
88 11
79 73
80 40
93 43
10 48
70 79
40 56
61 89
75 16
76 22
87 47
66 40
42 14
61 86
86 59
1 15
25 51
91 1
55 80
3 52
7 44
13 4
82 4
23 88
36 98
92 52
92 100
72 12
34 18
52 93
90 53
95 79
99 77
65 1
98 28
69 90
54 41
23 41
65 51
18 49
48 52
6 68
64 78
48 58
67 100
88 73
99 84
49 47
29 46
31 29
54 6
19 19
30 75
73 17
100 19
48 47
62 32
82 37
92 12
97 64
41 7
1 99
63 88
38 81
89 11
