22 78
93 22
63 98
17 61
23 47
68 51
53 46
87 61
48 10
95 9
45 71
22 47
81 63
89 39
53 42
97 42
89 39
90 99
88 4
48 14
8 65
35 26
15 80
69 68
33 54
97 13
98 64
53 24
18 21
57 92
36 89
70 29
75 70
13 48
50 73
66 3
67 75
50 87
97 30
53 55
5 37
13 89
88 55
35 95
75 24
75 65
98 61
6 56
52 59
100 33
70 77
53 68
43 5
37 36
38 64
13 37
91 40
58 93
19 46
69 26
63 39
41 48
76 58
13 15
95 65
99 58
78 77
66 44
83 41
20 93
63 94
98 43
36 59
42 44
37 11
21 42
68 47
13 38
100 69
47 86
21 96
39 4
64 69
56 76
62 14
5 49
51 12
54 51
69 92
56 19
60 92
46 53
18 45
47 80
29 18
56 73
8 67
13 73
44 86
22 34
36 75
68 12
32 31
70 18
76 26
13 3
78 32
29 93
5 25
11 41
26 73
35 72
1 46
13 72
33 78
37 5
41 100
25 99
93 37
19 96
56 91
27 52
36 33
5 36
78 56
88 1
51 20
50 29
58 3
32 85
54 10
26 95
77 59
27 66
42 94
92 3
49 54
74 8
29 63
24 39
32 62
67 25
100 71
28 75
62 85
71 43
33 7
61 38
24 48
68 14
18 89
17 75
55 52
77 75
58 10
46 23
72 86
15 44
48 93
14 32
51 3
70 36
71 47
12 65
42 54
39 46
80 91
24 49
20 45
5 54
1 65
43 33
66 35
38 56
48 54
76 54
60 79
88 82
24 91
46 32
59 22
30 29
89 39
59 42
18 91
72 37
57 85
47 58
10 35
88 2
52 53
80 22
9 44
10 48
12 45
10 23
100 43
96 71
21 13
71 97
30 79
27 74
90 12
16 47
3 86
25 17
9 16
18 86
53 92
75 18
100 41
22 79
71 49
60 40
75 52
62 96
71 69
24 27
80 95
4 71
80 77
24 45
53 28
64 34
11 37
75 95
45 25
57 70
30 29
55 86
52 59
52 22
75 79
54 77
72 65
6 7
55 26
83 39
31 4
71 57
99 37
27 65
17 27
69 7
29 30
32 61
63 76
41 99
52 89
28 13
92 53
78 52
96 65
56 1
87 48
9 38
28 93
63 8
34 97
65 69
89 21
29 27
80 64
94 88
48 76
36 96
22 72
64 25
44 2
59 29
34 61
20 14
39 93
15 17
87 8
25 88
21 56
50 25
16 90
38 20
5 87
52 82
57 80
36 41
66 43
41 6
50 42
17 99
85 73
71 13
82 31
48 92
84 91
21 32
34 62
51 60
27 17
59 38
43 66
28 72
32 40
62 20
70 62
36 63
23 46
60 13
27 77
100 98
22 93
42 39
55 78
51 13
58 84
66 66
77 56
28 17
60 14
21 16
70 91
6 78
67 62
69 32
12 67
55 93
63 74
74 77
60 39
80 97
56 75
22 97
30 19
16 28
78 64
18 100
6 17
81 80
35 47
47 29
26 57
3 65
18 29
95 39
13 69
33 3
4 12
25 94
67 76
65 31
76 74
52 59
35 23
3 44
75 18
84 31
91 22
37 89
91 48
25 2
4 45
48 76
46 15
67 40
59 34
39 92
63 52
92 89
16 38
57 78
57 47
45 12
77 70
88 15
87 50
28 17
91 40
44 77
80 100
3 75
21 65
44 91
48 80
97 24
56 29
78 96
3 14
58 46
50 46
71 49
20 84
52 6
14 76
55 60
75 17
70 52
45 16
100 48
17 53
20 49
34 46
4 57
10 92
17 41
12 58
18 93
13 51
36 29
21 9
12 20
74 50
46 74
19 71
5 20
85 34
16 19
10 13
57 83
96 38
50 79
66 4
32 38
75 89
1 79
11 55
14 86
79 58
30 90
5 61
64 11
40 74
66 26
84 14
64 53
39 88
51 74
22 49
46 95
74 6
91 11
38 60
35 77
60 80
45 3
25 27
22 30
93 57
9 10
68 89
33 21
85 17
73 86
92 22
58 30
58 3
82 15
93 86
85 81
79 59
79 57
48 18
94 10
35 34
65 11
2 74
85 83
85 64
50 72
19 19
7 69
32 77
9 37
89 98
19 60
21 80
50 75
57 94
70 86
9 4
53 22
85 88
25 87
97 82
6 43
22 3
47 31
37 80
47 96
74 100
77 26
37 95
54 55
50 92
71 72
14 95
14 11
37 15
97 64
58 53
45 56
90 22
62 21
92 69
53 82
40 62
43 1
14 61
88 86
37 88
86 31
48 23
90 13
44 47
3 39
47 50
26 92
6 33
9 81
79 31
100 14
62 11
98 73
37 83
83 87
65 23
39 79
18 49
6 36
25 97
78 49
90 12
20 41
23 71
48 96
17 59
31 31
98 57
98 22
81 65
9 6
56 10
97 98
74 61
87 11
89 4
71 84
100 53
52 70
75 66
97 55
64 85
97 21
44 73
28 84
7 45
60 16
48 97
66 28
4 66
83 6
10 66
97 86
4 68
99 57
55 94
71 5
60 2
81 19
90 71
52 95
57 56
27 56
6 42
4 59
13 10
13 49
7 37
68 79
20 78
15 43
60 75
29 92
16 36
49 17
55 65
8 90
75 6
99 12
1 43
38 87
76 55
83 32
88 72
75 60
73 59
79 36
74 34
44 84
90 61
9 23
61 17
65 62
82 5
82 62
90 13
57 16
58 89
56 55
11 27
43 6
89 27
81 96
3 88
98 57
65 16
51 52
25 65
92 80
29 53
15 85
66 99
11 25
5 78
34 96
90 78
2 94
58 39
75 16
57 23
37 23
63 97
53 17
95 91
30 23
43 11
4 29
34 80
25 67
37 57
79 56
46 58
6 12
48 60
77 26
71 61
87 4
40 75
41 74
47 100
97 28
15 41
19 47
99 64
63 19
52 9
5 65
54 12
92 79
70 69
7 26
94 46
82 3
11 60
22 18
84 12
20 8
61 7
17 78
45 47
46 3
24 97
35 50
56 34
93 61
77 69
44 62
44 32
19 2
72 30
58 36
63 36
45 68
23 6
68 52
13 94
98 73
98 27
51 50
38 8
61 65
57 5
87 62
26 65
47 79
84 56
24 76
23 70
50 27
13 13
64 34
42 96
38 77
17 2
22 10
84 31
81 34
60 62
67 37
60 95
38 7
60 62
41 6
38 26
53 31
58 56
44 24
83 34
99 10
90 86
89 32
5 83
29 35
36 79
32 22
80 22
4 18
1 88
73 89
97 95
46 54
54 78
76 76
92 59
57 77
21 9
34 7
34 67
67 21
14 34
8 82
68 54
13 74
2 74
4 100
97 3
93 17
54 30
84 74
72 77
65 30
87 33
3 93
84 52
53 86
42 13
11 51
15 6
57 1
98 73
70 14
19 62
81 55
90 63
29 47
44 64
25 64
74 91
33 76
71 16
25 3
99 44
28 76
25 95
80 16
100 18
76 2
37 13
59 42
3 16
68 92
91 68
90 79
50 64
18 3
47 40
24 70
70 96
7 34
21 58
99 6
39 11
97 60
11 81
16 95
4 17
21 99
61 21
78 35
78 19
90 12
30 16
58 19
75 31
50 87
63 93
66 89
50 91
77 73
36 80
16 31
6 72
62 21
82 24
24 88
8 59
40 69
93 72
37 70
46 71
92 65
69 34
25 86
83 9
62 86
15 24
98 72
11 45
15 26
82 51
61 42
64 45
62 95
67 92
4 13
9 100
27 71
15 88
7 63
85 51
64 83
48 46
19 33
28 30
70 46
72 89
95 2
20 51
31 85
48 62
24 20
86 91
19 45
76 63
8 39
14 82
47 50
93 89
40 48
94 22
53 47
92 64
16 88
50 47
97 83
81 51
22 20
31 43
44 54
10 67
29 69
91 62
36 90
69 48
93 70
40 19
12 49
7 57
58 14
83 44
68 7
6 98
59 50
68 74
28 9
83 33
55 32
89 29
56 61
9 64
29 98
83 37
16 28
51 4
97 21
47 60
44 71
19 57
39 60
51 80
97 43
14 83
8 32
86 63
89 66
84 75
5 26
7 39
37 83
84 27
8 31
16 47
2 34
75 20
81 49
18 47
12 52
19 81
50 85
44 21
22 100
38 7
70 55
15 53
50 4
39 44
65 43
72 24
17 61
22 79
10 73
10 22
10 38
82 71
69 5
69 98
59 80
39 82
32 31
10 83
69 71
67 19
24 82
73 20
95 52
92 33
17 72
82 16
93 77
54 62
27 71
9 87
48 21
75 16
64 13
39 88
3 33
49 35
29 38
4 53
22 12
38 98
73 14
80 36
11 74
88 42
10 56
43 64
2 94
86 22
89 50
70 16
32 3
69 21
63 87
29 90
9 46
88 63
91 90
95 55
36 53
53 82
26 17
33 24
37 79
20 49
40 36
68 11
82 64
98 17
20 49
18 3
32 86
23 10
13 9
52 77
8 70
17 29
31 65
52 81
41 51
41 46
32 11
74 94
28 9
25 22
48 36
57 13
6 80
16 17
43 18
17 16
8 24
61 64
50 58
50 47
65 44
30 79
25 32
63 88
68 64
72 76
80 36
15 64
47 22
46 18
77 31
86 38
29 91
71 26
100 95
18 72
34 83
23 22
35 15
12 55
38 20
41 60
5 27
5 47
4 14
96 79
47 94
36 84
56 20
73 16
58 61
32 46
69 11
26 41
14 54
5 64
14 31
30 11
99 84
21 99
36 45
95 94
21 81
67 94
20 74
42 79
52 91
9 45
73 4
55 38
35 65
42 78
98 33
61 52
25 86
40 45
73 73
97 2
77 77
5 62
90 23
34 2
74 73
29 88
79 100
74 70
81 78
54 89
73 14
22 44
14 11
57 14
49 82
96 88
88 72
12 79
83 32
81 33
63 70
47 45
73 75
21 4
72 91
31 64
95 20
87 94
41 44
71 17
30 20
33 43
37 76
19 85
73 25
34 55
45 47
47 68
36 43
77 85
31 98
38 45
8 94
19 60
7 7
16 94
66 30
84 85
10 93
28 76
79 4
38 41
86 47
54 81
32 49
6 36
67 83
83 19
63 51
74 32
23 94
99 50
48 7
36 24
77 40
34 15
52 7
98 25
34 66
12 74
57 25
63 45
32 56
87 69
22 3
47 2
92 35
55 27
32 84
10 43
72 58
13 79
23 1
20 7
41 20
46 14
40 46
9 74
21 51
54 61
92 11
20 5
12 16
6 22
43 45
28 29
52 64
56 25
40 29
9 4
64 41
34 25
50 40
69 25
75 13
74 9
81 24
18 89
52 6
85 99
86 24
66 83
37 13
54 58
66 55
95 34
12 2
71 77
45 16
41 98
50 67
51 92
37 28
49 74
66 41
34 99
83 10
27 73
55 63
93 62
66 31
37 94
36 92
14 96
42 26
75 82
17 11
4 58
19 62
39 88
8 33
4 10
5 9
31 55
79 31
4 33
30 21
99 60
97 1
90 33
37 93
61 39
55 98
53 92
28 6
54 28
93 41
77 13
73 66
24 56
25 22
35 74
43 47
34 61
70 21
48 28
61 64
4 18
81 61
89 6
6 55
10 63
42 12
80 93
20 74
35 59
65 4
3 11
28 34
93 9
17 16
66 11
82 27
61 52
42 93
31 16
89 73
41 89
40 54
55 32
40 32
51 12
83 13
88 52
30 46
22 19
55 74
76 71
25 63
6 3
68 38
95 91
15 7
3 69
42 82
42 15
43 83
98 89
58 79
69 54
3 48
53 46
10 5
6 63
66 89
26 66
45 84
31 64
83 3
46 55
16 37
17 12
8 9
51 4
100 87
66 14
84 83
79 85
55 13
76 42
80 49
70 50
72 26
46 20
80 12
66 70
56 84
92 94
16 26
48 55
56 77
50 68
31 37
42 24
97 53
84 79
66 72
85 14
54 23
53 88
42 9
68 20
10 73
6 5
27 100
54 36
12 53
82 70
11 18
41 11
99 83
68 6
96 14
39 49
85 10
69 68
76 20
22 16
92 61
31 40
89 72
100 91
35 60
91 14
64 77
51 93
14 81
60 35
3 26
49 5
98 27
54 56
58 88
72 87
5 47
23 5
12 2
67 77
29 75
21 64
82 8
49 83
8 65
10 24
62 93
54 11
26 51
67 79
45 7
70 86
98 29
12 18
44 11
46 82
52 33
95 42
77 88
44 80
22 32
92 46
34 57
36 81
47 92
4 95
23 7
53 43
39 54
39 100
40 93
59 64
11 26
35 20
47 44
64 19
73 48
60 36
94 42
59 93
85 90
29 87
62 38
96 34
17 18
13 87
21 80
51 58
80 78
76 56
52 7
51 27
63 24
17 72
63 41
26 23
22 94
19 70
97 67
74 32
77 81
84 3
97 51
45 59
47 2
25 76
13 34
54 47
43 64
10 14
32 31
34 3
80 52
87 52
47 53
2 10
39 71
17 93
97 72
37 32
44 4
22 19
34 68
37 55
31 84
14 56
2 90
65 83
14 84
48 16
27 53
47 94
61 78
19 92
63 60
90 64
39 53
82 91
19 15
12 9
67 99
24 35
88 41
91 53
25 49
1 62
24 30
51 23
47 34
5 18
85 96
18 43
14 80
51 84
99 2
27 42
80 36
76 82
13 39
4 33
77 3
24 72
4 3
23 19
12 56
50 15
4 92
92 68
2 67
55 38
2 11
100 2
99 64
35 97
4 75
58 46
25 74
58 74
31 2
97 57
82 84
77 79
50 92
12 58
96 56
35 4
31 15
43 39
77 43
92 72
18 20
51 72
91 96
59 48
1 66
69 88
91 15
41 32
37 97
76 9
49 14
69 65
10 52
77 65
23 60
65 85
92 98
80 69
10 7
97 11
65 86
8 85
63 75
85 1
66 100
36 58
65 6
90 59
6 85
79 15
50 35
7 85
61 66
22 53
60 37
59 99
23 53
87 52
7 99
25 35
8 29
55 37
77 14
48 48
51 30
73 94
52 12
58 3
27 71
38 48
70 84
17 92
80 45
24 7
80 86
30 60
49 85
84 72
5 13
98 6
43 66
82 18
84 85
39 62
91 17
61 24
39 50
40 76
81 82
9 61
67 1
7 80
83 4
32 21
38 47
66 82
88 11
18 6
57 22
7 67
77 95
72 38
40 59
71 30
91 5
38 25
34 59
78 48
1 15
19 69
56 3
38 95
3 84
53 64
78 58
45 45
14 87
44 30
5 51
80 62
96 56
1 63
88 23
70 5
20 56
85 96
56 59
19 26
37 31
90 43
76 91
28 39
9 15
49 93
85 49
68 71
88 37
28 81
68 35
10 97
81 81
16 30
56 25
62 24
60 65
94 12
36 79
1 97
98 13
55 93
67 72
49 67
60 67
7 40
51 18
1 85
27 88
67 30
43 81
3 53
39 9
52 48
78 66
2 42
74 17
27 9
59 29
87 11
5 59
12 11
14 52
44 41
16 38
30 73
39 5
83 42
85 82
79 37
47 2
9 98
96 58
12 83
72 54
70 21
39 28
67 42
92 51
85 25
18 12
32 92
15 16
29 73
39 55
52 85
56 57
45 27
65 49
33 29
30 90
15 31
72 10
63 58
11 15
95 10
49 21
76 74
11 78
100 43
2 26
56 20
96 79
1 91
88 49
59 15
78 12
56 34
83 46
54 10
64 58
79 100
16 89
12 9
95 12
65 81
52 62
88 97
51 87
44 75
96 69
10 65
13 46
91 100
17 100
55 98
8 97
4 60
41 58
76 92
40 47
69 26
94 1
29 10
22 65
1 44
76 64
45 68
74 18
7 60
99 46
53 68
24 55
81 20
5 72
47 8
43 15
16 3
40 44
10 43
18 97
29 21
32 78
77 33
36 80
59 97
66 8
84 69
65 37
4 65
41 31
62 71
75 39
29 34
73 68
80 64
59 94
66 86
80 90
70 46
2 78
20 81
6 86
65 5
9 53
29 94
50 16
78 23
27 69
9 99
67 83
10 43
63 100
78 99
62 12
15 99
32 42
30 84
25 60
67 10
29 100
66 97
31 74
17 71
33 58
86 32
61 70
45 45
83 41
4 35
53 31
58 45
20 27
56 19
28 63
31 77
73 50
60 56
62 47
29 36
53 84
55 38
41 57
10 99
83 10
59 99
41 15
6 65
7 50
84 74
9 5
30 44
86 20
33 84
86 54
97 63
79 37
64 23
66 60
55 29
26 46
80 81
44 28
41 13
33 23
85 29
55 67
1 57
84 32
64 34
19 42
53 25
26 25
18 27
58 89
49 61
42 96
77 86
74 25
1 6
60 95
75 58
21 48
8 1
59 31
68 36
59 9
96 62
70 89
29 80
96 27
82 90
69 39
35 52
13 73
17 88
31 17
52 32
35 67
30 80
39 15
42 47
2 63
37 93
82 94
8 88
30 33
87 73
1 23
16 66
74 81
50 99
29 42
99 69
93 89
35 61
98 12
83 13
8 11
46 15
53 73
30 56
91 88
26 26
72 98
64 16
50 64
59 18
49 15
10 61
58 1
91 34
32 89
81 95
30 74
90 32
96 69
2 6
79 62
76 26
67 54
20 85
79 32
93 7
7 29
28 26
18 61
88 52
67 69
3 3
21 17
47 62
61 70
17 58
12 73
94 12
40 85
32 87
24 88
90 34
70 27
35 41
46 71
34 30
10 2
1 26
91 100
41 30
98 21
51 33
36 39
4 30
51 32
30 79
8 72
83 39
65 46
50 87
93 41
63 24
15 14
52 64
79 49
92 34
72 35
52 2
12 22
69 10
27 39
66 39
68 79
7 50
99 11
11 74
28 97
30 10
89 80
100 33
71 61
18 77
79 22
3 3
47 33
92 99
71 39
98 4
100 16
13 32
72 80
33 77
48 18
54 72
64 10
35 89
80 42
3 97
76 25
13 45
16 41
18 86
15 30
14 59
4 36
41 98
91 61
34 83
50 8
18 98
80 34
55 8
76 87
10 36
58 52
15 15
56 88
2 83
15 43
30 14
52 97
77 53
15 54
33 66
96 2
68 59
40 38
35 67
1 54
23 22
22 2
10 59
51 98
57 21
41 14
39 45
5 46
75 78
5 40
48 3
54 61
14 1
72 40
91 69
65 79
51 34
13 68
37 23
61 28
44 92
72 57
72 39
15 41
8 85
39 38
90 44
25 66
53 36
81 61
20 94
28 36
92 66
14 16
27 51
30 77
19 77
34 30
37 34
79 56
38 61
72 74
86 74
38 94
21 75
1 37
17 88
11 75
92 58
28 79
64 9
56 60
71 69
36 32
75 62
94 58
91 36
22 92
25 7
59 86
31 31
75 23
24 60
33 52
57 76
50 53
39 49
87 76
54 28
59 69
73 39
53 34
80 89
23 91
78 96
87 54
99 87
35 100
12 72
47 11
50 54
49 16
14 64
44 42
9 89
56 29
9 87
53 51
73 68
20 80
13 67
33 62
31 69
13 30
5 38
64 2
16 36
39 28
95 81
77 29
69 53
82 67
18 77
36 34
29 93
31 55
98 55
83 68
87 82
51 64
92 12
63 76
20 44
47 20
67 79
68 61
58 62
10 37
52 46
21 2
99 29
36 95
67 2
11 94
76 60
34 42
70 100
25 60
26 2
23 38
36 44
34 3
45 64
56 56
68 43
32 64
52 80
7 1
83 45
72 89
97 88
59 86
78 22
91 21
33 50
58 84
50 62
11 76
59 7
27 37
33 22
72 13
96 80
84 12
72 59
75 68
27 37
72 39
42 9
50 20
76 39
37 72
96 68
36 22
54 19
98 35
47 19
64 85
24 72
96 53
35 66
6 16
34 76
94 19
13 20
6 49
79 51
55 78
75 65
12 49
96 98
30 36
15 2
57 50
71 72
96 2
75 62
27 33
85 49
19 84
28 46
48 91
63 18
60 12
45 6
10 94
32 46
2 9
77 72
68 87
49 64
88 19
29 18
69 31
15 90
71 100
11 30
86 32
90 1
42 99
12 74
71 60
71 13
15 48
58 78
74 46
94 83
39 94
57 9
16 52
60 61
20 5
26 83
61 61
41 50
23 73
40 95
41 10
19 41
1 71
55 23
30 37
77 25
42 34
29 82
65 86
59 100
56 74
77 21
71 32
44 20
42 62
15 39
93 72
30 71
76 96
66 25
21 1
29 58
47 20
41 83
25 7
22 12
21 14
85 59
55 99
36 57
50 62
18 94
29 44
82 44
84 64
71 19
74 8
69 98
51 98
87 96
67 77
51 61
96 26
57 63
98 46
5 69
84 35
38 88
77 22
75 50
37 100
56 21
97 78
91 90
62 88
75 80
10 55
81 46
87 51
91 28
13 16
45 52
15 81
12 53
90 45
80 70
17 74
17 58
17 39
56 86
6 1
93 16
60 7
82 46
92 66
83 93
38 65
39 46
49 10
21 98
26 96
2 67
14 46
31 22
22 33
93 96
15 93
51 50
16 12
35 55
28 29
67 93
69 32
95 33
73 99
97 92
35 89
89 57
70 61
42 52
77 50
98 4
100 97
84 91
70 38
96 82
55 63
82 45
40 60
85 94
78 35
93 97
1 83
87 21
10 4
42 13
70 38
91 40
18 92
95 9
47 91
47 98
27 33
96 83
93 4
59 92
19 89
52 26
26 30
100 28
37 85
11 41
11 87
70 71
13 78
81 62
28 72
23 89
98 47
65 71
92 35
81 90
90 46
74 8
64 45
19 66
83 97
62 43
23 4
38 71
52 14
76 11
97 16
3 62
2 22
60 68
2 11
89 27
26 99
16 59
23 2
38 20
35 100
1 19
100 73
79 94
47 6
16 43
69 88
22 69
99 71
65 74
76 48
26 35
95 26
51 4
11 12
10 62
99 31
35 79
90 44
99 80
86 98
59 93
51 66
46 23
90 6
10 98
85 62
27 40
46 74
42 66
68 45
68 71
57 50
13 89
51 84
57 47
90 9
94 68
35 8
52 59
10 61
83 11
29 93
90 65
28 28
86 74
84 68
59 50
61 87
77 37
44 30
89 39
35 13
68 50
59 29
22 39
29 46
9 32
15 16
65 87
63 26
44 58
77 32
10 75
44 76
73 11
6 90
2 43
40 87
60 21
72 53
100 11
99 29
27 26
80 64
42 75
48 38
98 69
52 59
31 30
53 98
35 22
55 32
55 79
95 71
25 53
58 69
6 86
44 26
56 94
83 27
72 16
7 98
79 36
4 14
85 34
34 97
5 78
98 68
25 100
95 100
76 31
86 1
8 20
35 68
33 47
73 94
19 5
4 97
82 72
8 61
21 57
92 97
55 83
56 77
66 90
27 45
74 2
20 54
22 8
71 79
37 21
35 16
72 4
63 73
68 99
65 74
84 4
41 62
10 81
22 96
81 22
23 43
69 21
82 3
16 19
20 62
53 49
15 31
65 18
93 88
95 60
86 78
98 19
16 77
7 59
67 52
57 6
88 7
71 59
81 69
51 20
57 58
97 12
92 53
65 8
91 27
6 17
3 10
34 14
96 74
41 74
32 59
99 97
12 21
5 29
2 96
61 73
93 79
55 83
68 10
9 15
2 64
93 78
4 49
45 34
33 79
35 22
17 71
72 52
22 69
17 78
5 66
96 90
54 67
36 49
97 5
36 94
21 66
41 12
65 25
35 32
64 52
41 7
11 30
14 42
24 16
40 24
25 37
61 61
75 65
45 75
79 66
20 62
71 87
21 94
2 62
15 17
80 95
93 20
64 83
70 45
76 11
49 36
20 100
94 78
5 64
69 9
27 73
89 72
20 100
52 94
100 63
11 35
49 27
53 50
68 48
2 90
62 95
86 1
41 48
11 27
16 12
41 85
7 32
84 10
67 26
41 79
10 15
64 83
23 30
48 42
93 6
65 66
32 2
39 60
27 72
22 98
32 8
61 76
61 68
7 33
11 80
6 83
10 84
47 62
36 75
40 58
58 7
46 1
13 15
72 45
88 11
33 29
35 84
36 26
39 50
63 76
48 15
63 83
94 17
62 58
32 90
74 80
63 34
99 40
58 86
91 54
77 93
45 39
17 44
60 22
51 75
14 98
42 78
26 78
93 12
15 3
27 19
82 40
36 44
14 53
7 53
13 36
36 47
82 86
48 12
77 36
6 44
21 29
11 77
33 5
77 91
63 74
79 48
76 64
75 63
63 87
38 30
94 88
4 4
71 15
1 9
56 64
8 15
80 40
51 39
42 92
52 12
66 64
99 31
70 18
73 20
85 60
52 55
39 26
42 45
90 2
74 40
80 77
99 68
39 82
29 55
51 72
81 39
89 43
77 80
75 46
14 53
30 97
68 67
93 34
93 81
76 73
60 77
61 62
38 55
71 6
30 3
33 49
74 71
41 52
88 83
62 60
29 18
8 65
28 69
53 4
93 48
25 80
72 42
12 28
4 54
22 67
96 76
53 42
66 82
35 26
82 67
60 80
3 72
43 64
92 26
48 40
2 2
24 43
63 2
42 77
51 10
63 16
39 58
6 60
2 18
64 8
5 35
55 97
74 3
72 66
16 54
60 13
76 90
43 26
39 87
84 42
17 44
3 51
43 68
75 14
66 59
25 7
95 88
24 13
71 69
77 15
62 53
91 75
2 3
33 87
94 92
15 96
81 41
36 86
79 91
78 87
48 97
81 45
21 66
56 1
48 48
31 97
33 51
39 29
3 43
79 70
68 18
32 29
41 8
75 96
61 33
62 58
53 75
50 76
69 77
8 10
55 22
4 29
9 8
65 27
45 96
69 7
54 23
100 87
38 53
41 15
35 97
70 55
44 54
74 85
74 68
92 51
98 89
30 57
62 82
43 21
46 62
91 87
83 38
24 58
29 51
32 32
12 83
60 39
14 31
73 63
55 75
77 10
29 46
13 43
29 50
56 86
95 62
97 54
29 93
19 83
27 58
39 82
77 73
22 25
31 82
36 48
32 14
13 15
36 85
14 90
48 11
96 93
80 90
14 39
2 34
14 48
66 74
64 99
27 39
77 36
37 51
3 12
40 47
44 76
66 10
36 11
100 55
59 84
12 95
94 6
7 99
6 86
67 5
58 80
30 53
33 33
99 40
9 95
24 21
26 52
29 70
48 47
32 91
90 47
76 77
80 81
75 38
50 46
64 22
14 41
94 78
87 7
91 68
2 46
24 2
44 5
71 30
11 37
18 85
44 10
91 11
12 67
31 74
58 25
39 89
78 65
50 85
88 91
2 92
42 84
27 16
74 24
30 27
55 78
59 49
36 81
15 73
65 14
8 32
53 28
14 81
60 35
18 71
47 100
36 61
86 67
98 23
56 13
93 27
1 12
78 62
18 31
61 58
31 82
55 5
16 16
93 92
36 17
71 48
17 4
44 86
80 34
40 40
39 59
28 42
23 44
2 64
40 37
81 1
84 22
39 49
26 62
11 5
4 34
51 94
85 13
51 55
82 67
37 18
16 53
39 43
89 51
28 39
95 68
7 13
74 59
81 9
23 32
98 42
99 80
19 100
96 96
21 82
76 21
28 9
91 7
99 24
1 69
19 78
31 48
72 58
90 60
91 49
90 29
78 32
2 72
36 63
13 79
80 46
37 57
56 32
52 1
15 20
96 11
72 21
96 3
56 56
53 80
10 5
61 6
18 8
83 15
3 25
46 47
29 85
29 34
69 86
23 58
96 62
93 91
99 74
78 61
89 20
56 41
75 27
52 33
17 41
94 42
61 29
34 70
12 80
81 60
19 24
93 45
61 82
47 80
9 53
95 7
72 32
74 83
53 68
46 42
22 41
25 43
74 97
63 84
64 61
27 62
35 2
25 84
8 64
89 28
92 17
1 9
57 64
42 17
48 50
38 53
96 31
82 93
59 53
71 90
29 97
6 24
46 64
38 12
51 99
4 63
93 38
44 86
32 13
27 40
95 81
11 10
77 78
8 64
10 65
69 66
43 70
96 98
63 65
42 44
98 36
91 14
91 64
10 53
68 38
81 16
79 53
4 25
100 93
89 13
27 2
30 72
30 30
70 86
61 33
41 76
35 82
93 60
66 47
43 61
95 34
94 39
5 71
60 81
89 57
44 98
51 100
50 18
70 93
18 76
40 49
70 25
88 37
20 29
92 10
22 54
9 90
64 47
95 70
22 28
87 26
34 41
75 84
85 68
28 72
45 12
79 58
48 24
79 90
74 82
35 82
33 63
63 2
35 65
7 11
69 67
20 59
88 87
57 87
12 15
66 33
56 2
67 9
17 78
24 69
34 90
70 42
7 43
61 96
26 42
69 100
96 38
4 47
89 2
16 10
59 18
16 10
73 19
46 3
68 2
81 69
2 72
66 68
26 27
5 27
76 20
68 56
50 12
96 91
62 80
48 58
92 40
20 23
2 10
90 89
58 71
63 57
75 48
8 97
86 96
87 55
54 26
100 16
44 23
65 68
74 84
37 86
84 12
66 38
4 80
77 53
75 44
96 13
86 19
88 33
74 26
82 41
41 87
87 41
48 34
75 59
30 4
14 12
21 64
14 62
69 82
11 81
97 72
5 34
90 66
49 20
2 90
7 25
93 92
32 11
46 3
84 11
56 59
20 74
56 84
34 19
56 10
3 59
42 18
22 87
99 17
92 2
14 9
75 83
21 22
52 14
39 30
70 55
35 93
99 70
74 39
20 40
28 38
47 44
34 6
44 78
73 82
54 35
46 22
73 40
61 26
67 6
52 43
73 87
60 37
53 98
37 6
41 74
34 85
97 88
35 52
8 36
80 80
76 24
51 65
94 37
38 10
52 72
59 82
28 3
34 19
55 10
12 91
53 25
67 100
39 71
70 100
100 78
83 79
4 81
89 12
17 47
54 76
18 99
74 28
73 71
38 68
36 58
60 24
38 91
71 84
76 18
86 3
83 92
1 47
30 100
58 95
30 27
29 83
15 24
92 89
91 31
58 61
77 41
27 20
82 21
78 50
70 4
93 46
32 62
27 28
56 44
83 35
94 35
41 75
79 58
76 97
100 87
87 13
75 11
90 58
95 97
8 3
91 82
41 96
60 49
3 35
78 87
66 41
21 62
6 96
45 32
26 31
20 33
75 78
93 8
75 52
97 92
60 95
44 61
34 91
42 33
87 44
98 97
90 4
39 63
87 56
48 98
94 50
20 37
48 46
99 3
27 56
89 82
49 64
7 71
90 59
96 40
53 63
71 32
39 62
62 42
11 39
2 84
40 55
92 55
2 50
54 37
76 99
71 32
85 84
52 56
23 49
51 70
71 8
91 35
36 6
46 83
62 62
65 79
96 32
83 83
71 27
35 5
52 72
87 13
72 87
19 22
23 33
38 64
93 58
35 98
81 16
30 52
94 58
83 18
13 85
35 85
9 92
41 5
69 95
21 100
46 80
86 80
71 6
76 28
100 99
74 18
89 95
17 54
93 100
2 42
39 34
3 42
69 88
29 89
25 35
42 15
43 31
75 49
98 91
46 35
51 23
15 91
78 19
31 10
54 52
30 52
95 64
10 52
33 99
78 13
71 57
11 10
39 82
28 54
58 77
5 13
27 98
14 31
97 43
48 81
55 78
97 62
95 45
44 31
50 72
9 73
82 96
66 68
91 83
92 11
34 2
91 62
75 33
19 55
80 60
89 21
18 25
25 18
16 70
32 66
97 80
78 30
68 98
70 60
88 65
70 66
7 60
33 34
31 22
16 97
6 19
26 61
96 38
13 87
74 9
98 88
63 32
92 94
27 81
74 65
5 32
54 15
59 97
75 24
55 52
60 87
35 9
90 36
87 56
12 71
30 67
23 73
17 32
10 22
87 69
88 98
48 34
97 35
90 74
93 85
1 82
75 82
52 93
70 20
50 75
48 14
49 46
3 79
10 27
30 12
31 19
56 8
35 79
76 82
60 62
62 55
9 86
25 74
65 72
7 94
10 38
22 95
90 78
13 23
3 69
40 72
41 4
3 28
72 82
17 1
81 55
75 46
70 36
86 21
75 10
10 88
87 99
82 60
65 84
89 77
88 50
9 68
60 93
73 21
53 25
95 16
45 27
6 45
73 39
58 55
43 56
51 20
74 62
26 46
81 73
43 48
70 81
1 41
92 66
47 78
46 88
38 4
86 91
43 83
68 26
49 79
68 59
74 46
66 90
37 53
23 88
68 89
9 36
48 98
77 48
48 75
66 92
3 24
94 44
30 58
24 17
98 27
73 44
32 42
73 96
91 49
6 37
5 56
15 5
96 21
88 99
65 38
98 97
40 66
1 68
40 88
82 62
84 74
49 57
91 70
21 98
29 24
33 25
100 29
31 48
51 26
25 50
21 39
30 46
23 57
28 5
61 7
20 87
90 83
62 56
12 54
67 74
19 47
42 56
77 26
72 18
93 86
32 100
81 93
93 94
34 9
100 26
48 91
87 35
92 9
64 96
67 55
60 90
38 99
96 55
27 91
27 2
12 35
48 27
33 37
89 72
46 11
9 49
84 81
74 19
16 13
28 20
22 59
49 60
86 52
5 86
60 52
25 46
36 97
51 78
96 89
64 91
31 63
100 34
13 70
59 20
36 1
29 45
31 3
10 35
98 90
6 21
58 87
79 75
28 29
22 63
69 93
30 76
14 54
53 93
88 23
46 93
12 79
51 11
18 21
79 87
100 8
24 35
88 80
4 53
30 90
89 85
78 88
3 14
40 66
26 67
92 60
89 74
32 46
1 99
62 100
45 100
49 70
13 61
21 31
86 86
85 14
96 47
84 80
4 50
29 2
35 81
92 19
36 32
9 39
70 86
12 49
94 68
94 57
40 1
18 83
37 40
29 18
70 30
25 36
18 22
11 69
11 66
25 47
15 38
9 11
94 30
69 100
8 90
27 38
82 5
93 31
89 85
88 32
51 69
72 27
30 83
61 19
14 93
89 11
47 65
68 30
96 82
26 92
74 3
55 14
63 75
6 22
65 95
90 30
41 64
42 4
64 7
38 60
38 60
98 21
19 34
83 20
12 37
67 50
6 59
57 29
54 38
5 52
73 66
2 59
21 82
43 73
12 96
16 12
12 16
41 77
70 66
44 42
25 72
70 2
74 42
79 51
96 54
66 34
86 11
100 23
36 43
53 84
13 12
16 56
82 38
19 62
9 31
66 4
81 34
84 89
35 8
60 50
31 62
15 69
9 26
18 3
60 74
8 56
17 42
91 81
79 26
40 82
61 92
16 56
80 14
46 59
77 16
2 94
16 10
71 32
67 25
81 48
99 4
14 79
22 43
74 77
42 21
60 64
82 11
68 80
33 19
74 51
10 8
24 9
11 49
42 91
76 51
54 10
73 54
32 85
24 75
40 25
99 87
96 50
59 65
30 70
99 73
23 82
59 38
98 55
11 49
53 1
93 7
52 42
92 90
70 13
61 24
82 22
94 51
33 32
96 100
69 17
62 11
26 61
99 50
3 87
17 13
17 11
10 4
56 28
64 11
29 38
9 17
71 59
31 20
51 69
60 32
28 45
88 95
6 63
24 94
74 54
27 58
3 52
28 50
55 49
23 27
25 90
99 50
77 33
58 9
2 15
78 60
27 95
58 77
86 12
88 57
12 2
36 87
6 70
15 88
9 70
62 98
34 79
47 63
44 52
87 51
26 68
89 26
88 83
22 66
3 70
3 62
83 36
6 4
17 90
50 24
92 5
98 46
45 52
11 90
90 70
83 83
14 52
4 25
51 19
72 40
39 5
51 95
73 24
50 34
60 70
23 74
70 38
2 43
57 63
22 12
89 66
16 9
87 83
34 76
78 4
75 89
7 88
73 96
85 26
59 12
23 5
87 41
3 73
13 12
48 73
14 70
51 99
42 53
48 4
8 65
100 46
56 93
22 19
56 30
97 5
3 30
16 64
99 93
67 25
78 2
99 19
56 38
14 33
27 55
89 3
52 6
4 5
79 3
43 22
43 26
43 85
95 46
28 76
43 86
21 83
20 44
77 96
24 72
44 9
20 38
36 51
52 48
100 50
13 97
59 49
83 66
71 63
9 35
16 31
97 88
49 80
34 2
76 50
21 5
1 82
75 22
97 32
44 54
77 59
60 29
89 64
48 10
37 40
63 6
61 36
63 73
8 28
25 5
3 53
11 19
29 4
6 99
21 63
73 28
57 36
6 79
97 54
61 52
26 7
35 53
20 29
70 27
58 2
17 45
60 23
44 95
95 38
32 23
44 23
19 70
23 78
76 77
57 52
96 42
56 88
10 6
91 46
38 99
54 91
6 83
23 99
77 44
38 30
5 40
62 63
39 19
75 16
56 77
4 47
28 27
6 57
37 47
82 77
79 32
84 12
79 8
100 38
25 83
49 43
14 55
21 53
36 49
8 83
64 3
6 43
3 85
82 60
48 40
66 37
70 43
13 15
2 67
26 39
21 90
25 88
95 80
94 89
17 100
29 39
47 100
2 98
13 48
11 19
55 2
82 98
57 54
88 42
18 57
93 57
34 15
71 64
56 79
2 59
91 21
65 99
93 99
37 35
94 72
16 49
47 25
36 14
37 1
93 1
20 43
45 80
34 28
81 74
38 14
82 69
29 69
71 64
99 8
35 16
79 94
83 91
37 34
53 60
1 70
2 97
36 13
66 5
68 19
98 39
59 38
50 98
63 38
8 54
79 84
13 84
14 48
32 99
72 30
74 52
70 79
52 49
29 37
38 41
84 11
82 82
52 61
45 3
75 88
94 54
86 57
79 87
81 22
73 72
71 22
11 83
21 55
57 51
75 63
83 47
2 89
23 36
7 23
43 67
51 87
54 9
42 60
55 98
39 32
95 98
46 36
66 57
56 7
100 100
22 24
55 80
35 37
98 69
94 81
14 6
18 49
29 64
92 85
70 68
25 79
16 19
57 30
20 46
31 42
13 66
86 27
81 70
96 69
98 91
70 88
97 52
75 77
63 74
58 67
83 36
34 96
36 42
21 97
53 70
67 99
30 50
58 85
36 94
33 12
68 3
44 71
37 31
48 28
73 16
86 59
58 64
6 29
64 18
91 50
35 49
95 16
42 33
66 3
99 33
18 20
18 15
9 98
12 56
90 6
19 77
90 10
100 64
60 16
18 11
69 91
59 80
35 11
39 71
21 17
67 43
60 56
83 29
89 68
51 91
72 52
81 95
78 63
28 33
4 44
59 34
34 36
48 3
4 12
69 36
79 10
64 55
4 78
99 41
79 94
85 60
48 75
14 17
8 25
92 67
36 76
80 1
39 84
45 6
56 82
85 50
100 78
18 40
83 6
66 29
53 28
94 34
94 41
57 24
7 38
83 67
91 57
75 53
80 97
77 77
30 22
40 48
60 23
19 35
36 85
84 9
67 93
100 98
11 86
74 100
65 88
94 37
15 28
69 30
2 5
35 23
7 100
80 17
16 24
44 75
87 15
41 20
79 89
16 2
47 10
36 12
55 20
97 48
65 23
85 8
21 51
28 16
51 62
55 51
55 84
98 58
35 14
67 8
80 81
9 5
20 3
15 28
24 75
79 47
8 29
1 70
49 56
21 60
72 57
84 71
78 58
42 52
63 26
15 20
84 99
42 59
56 24
88 61
65 3
80 52
50 94
71 60
65 75
89 3
9 12
39 38
82 63
76 55
29 68
53 4
94 56
71 18
71 17
51 81
94 17
71 67
41 40
39 32
22 9
35 96
66 57
1 21
23 96
28 34
2 27
56 66
28 24
23 36
58 51
72 51
87 80
64 50
99 20
18 96
55 53
8 77
98 3
89 86
80 4
39 78
75 11
40 22
65 85
62 85
38 28
6 37
91 92
50 61
46 61
64 32
27 25
9 80
47 19
86 80
37 21
79 56
80 42
47 47
71 39
2 54
17 49
97 35
56 75
12 9
30 40
46 44
22 16
91 71
53 33
44 5
72 12
80 98
74 24
32 46
56 49
75 59
82 18
8 76
75 20
46 97
86 6
37 100
41 66
64 11
49 82
74 91
59 61
4 36
76 64
30 68
69 13
76 55
20 55
83 96
59 73
21 78
44 10
86 64
81 83
88 68
42 86
83 42
65 74
79 52
22 57
89 9
20 67
58 75
62 12
77 19
10 56
97 54
35 63
33 16
88 10
79 6
99 87
74 17
58 28
87 50
24 47
90 43
96 33
40 28
92 10
1 84
39 60
19 21
17 48
36 20
2 50
58 13
52 17
53 96
15 24
82 25
54 51
2 21
6 75
22 40
28 40
32 79
71 92
81 94
36 60
25 19
35 29
17 94
66 93
58 79
6 5
47 53
61 87
24 29
82 37
69 23
66 26
64 28
39 85
94 48
14 50
58 31
38 83
97 26
82 94
80 22
59 27
74 24
85 18
78 51
45 1
76 66
25 14
64 4
54 63
7 25
86 2
32 22
52 80
54 56
53 99
49 57
68 46
69 25
9 67
66 34
22 91
57 65
78 30
22 39
40 55
44 62
30 22
10 93
36 96
82 21
48 92
57 14
38 18
92 57
34 32
15 16
97 25
77 69
3 24
36 36
14 4
34 40
66 26
66 15
62 35
86 40
4 86
40 93
52 15
55 7
29 60
76 12
24 58
80 77
37 85
59 94
95 6
19 55
50 24
68 53
37 85
56 80
96 54
14 6
5 80
13 45
69 14
69 95
96 75
33 26
57 88
93 36
39 53
50 93
53 30
12 23
41 31
40 16
31 31
94 23
96 91
58 91
81 23
12 48
61 34
5 97
39 62
28 8
63 49
53 71
83 65
29 56
76 80
67 78
49 75
100 55
27 90
52 100
95 46
12 29
16 30
29 67
92 75
7 66
33 64
31 79
61 84
11 6
94 82
35 92
96 97
78 26
100 13
50 69
96 5
41 16
15 55
16 4
86 5
7 20
7 42
74 44
15 96
68 85
78 92
57 88
19 34
77 84
16 38
60 34
76 64
95 64
51 64
46 96
65 38
12 88
59 80
41 72
65 57
62 87
84 16
7 19
19 20
89 23
92 31
43 88
41 92
7 77
84 84
84 9
77 9
3 90
69 78
84 55
40 71
46 85
45 45
98 13
59 19
49 51
15 38
24 17
38 12
15 43
34 1
8 2
37 64
2 32
81 69
51 75
16 86
21 64
51 68
3 65
54 89
30 65
68 44
3 3
24 14
31 64
9 79
34 8
48 23
92 4
69 16
17 92
51 96
85 60
86 63
21 97
22 33
88 64
85 70
9 84
24 17
46 15
11 100
1 16
75 99
17 93
62 34
88 16
81 82
58 80
8 35
27 31
51 93
13 58
41 76
38 38
76 86
23 6
3 9
44 38
98 70
25 88
29 33
64 74
90 53
77 55
29 40
97 3
61 17
69 20
67 42
94 97
66 11
85 56
37 83
34 2
30 95
6 73
5 28
48 98
23 77
97 97
67 67
53 41
39 22
4 88
94 19
19 65
91 63
54 41
50 98
42 86
60 89
47 32
91 34
75 29
68 33
43 1
79 48
63 13
89 15
41 9
54 19
69 3
22 79
33 33
9 6
53 36
94 79
39 12
5 74
28 34
49 9
12 71
19 97
62 34
54 38
14 31
95 11
11 16
78 89
62 90
77 41
35 33
72 63
27 81
44 40
40 25
74 74
16 37
42 15
37 89
62 53
92 61
27 86
74 68
24 56
92 39
62 89
1 75
63 77
45 58
66 5
65 37
57 66
4 43
33 20
62 96
48 81
42 20
59 31
31 81
41 67
41 61
24 44
30 88
35 59
36 71
8 59
6 73
84 91
75 44
53 45
81 98
65 28
27 61
18 96
10 35
63 14
11 85
87 33
50 4
83 98
87 82
7 94
25 92
7 89
62 30
95 77
1 85
27 46
32 8
94 33
11 63
90 34
91 96
57 27
82 12
19 93
2 1
40 51
22 76
66 7
92 70
97 62
56 15
63 28
55 79
83 17
30 20
62 41
2 49
39 50
15 35
86 22
57 50
13 76
74 62
63 18
8 69
71 10
59 67
43 5
72 100
75 18
87 52
94 12
73 56
2 36
97 65
89 75
29 50
23 35
59 9
11 23
9 9
71 29
16 54
62 25
97 50
9 58
60 35
54 28
23 73
81 11
78 96
55 33
45 77
36 65
59 94
20 97
42 86
56 28
98 70
73 36
32 63
52 13
10 2
26 60
5 15
3 35
91 66
78 9
64 62
90 60
95 3
26 96
24 33
34 57
99 31
83 73
61 65
97 42
32 87
84 74
13 59
25 13
14 77
5 5
23 21
42 13
2 69
24 9
43 55
10 88
66 46
96 72
35 84
98 95
10 94
32 81
91 36
29 9
61 63
71 74
49 10
47 57
24 42
96 25
20 55
47 31
21 12
95 31
53 97
35 57
6 24
65 44
73 31
3 93
90 99
4 59
46 55
93 41
82 65
72 42
11 73
27 100
9 6
5 77
49 80
78 52
31 99
45 77
28 93
3 81
62 64
40 19
82 36
98 69
85 12
69 50
88 14
65 30
20 49
10 80
35 50
87 87
22 90
38 28
76 25
15 40
57 84
14 36
67 81
64 44
29 61
24 76
77 75
5 37
24 5
43 58
78 32
8 37
5 86
60 41
73 63
38 48
82 24
38 25
50 88
29 82
51 27
43 43
29 50
21 56
70 4
91 39
49 90
1 90
44 60
92 88
59 21
33 40
89 41
22 1
98 96
29 58
86 58
11 46
85 3
91 20
53 67
20 30
83 70
37 31
48 19
14 20
77 71
54 41
59 40
40 73
23 26
15 50
17 88
53 38
93 59
95 90
72 97
73 45
61 91
71 10
14 35
55 42
49 55
90 32
71 65
44 7
18 36
7 68
50 17
85 67
83 81
93 28
2 55
43 26
8 21
65 39
67 65
48 32
48 39
41 1
90 86
53 50
10 89
93 5
32 8
69 16
83 39
70 99
34 47
21 48
50 94
3 64
72 3
10 97
25 84
14 43
81 100
51 51
81 90
14 93
62 70
39 97
66 39
77 5
54 66
20 1
13 8
4 1
92 78
57 52
43 98
44 73
8 67
69 82
75 36
5 30
91 28
18 21
69 34
84 46
1 18
58 45
76 8
43 100
26 23
66 66
22 65
94 84
7 67
41 87
88 8
15 37
68 94
93 13
27 99
61 42
10 79
70 17
39 59
72 56
76 24
15 99
47 27
15 65
4 30
67 12
37 43
32 37
62 9
2 53
71 67
58 70
88 89
96 55
37 21
78 52
69 4
17 53
63 64
5 65
78 9
78 54
99 3
17 1
81 1
43 32
95 39
85 22
13 53
2 23
2 1
12 26
61 28
100 46
81 90
40 54
81 16
69 74
51 80
3 93
85 84
76 53
40 67
63 60
47 43
7 79
84 45
98 52
58 57
63 45
80 66
23 37
54 16
72 39
67 65
42 74
89 36
87 49
33 63
51 38
30 50
65 55
11 84
18 98
51 28
25 60
92 76
83 69
49 11
3 65
22 13
17 90
11 74
41 29
51 66
66 40
7 84
79 49
37 44
73 17
10 37
27 43
29 69
82 91
36 93
32 13
88 84
23 19
60 15
96 55
76 75
91 80
47 43
61 2
21 32
99 21
96 63
6 83
7 17
41 32
72 60
45 51
49 11
100 50
46 91
5 60
77 10
18 72
40 75
26 47
52 37
78 19
46 57
2 89
42 36
47 29
59 87
27 8
99 37
47 89
89 20
97 79
82 2
77 21
42 19
69 31
16 92
29 57
97 88
87 91
27 39
59 36
73 80
30 81
40 82
50 83
53 60
24 96
31 97
95 41
96 15
86 68
69 71
44 82
50 19
82 19
51 86
88 69
97 44
41 89
18 93
82 57
33 75
97 42
40 21
57 52
31 62
22 39
64 36
8 84
99 19
47 98
99 60
2 78
34 99
46 10
7 10
76 43
24 30
28 46
100 96
83 76
10 89
13 38
62 54
2 44
88 14
83 18
75 28
45 57
68 49
98 69
42 1
37 13
78 40
41 80
23 2
18 4
1 60
98 91
45 7
73 27
83 20
82 84
80 68
86 48
14 49
6 5
72 45
26 40
47 5
35 29
8 62
39 82
51 69
2 94
77 85
82 13
74 39
81 14
8 28
83 56
16 47
33 29
35 65
86 99
59 95
20 41
73 93
3 66
7 84
48 73
100 40
61 59
20 14
10 80
81 80
15 47
36 1
41 23
64 14
5 59
8 80
58 80
83 73
92 1
21 74
5 52
40 7
46 97
98 94
16 12
26 39
18 7
17 34
90 26
20 43
84 4
63 76
57 27
84 16
42 28
88 34
2 88
9 80
33 7
3 24
15 3
89 95
56 21
52 87
4 70
76 78
27 92
30 98
99 100
24 33
93 90
64 33
65 23
70 95
98 96
98 86
52 57
57 34
21 33
37 51
90 3
14 83
78 55
76 34
14 65
25 12
46 13
39 67
74 9
100 21
55 83
52 100
54 80
30 9
69 15
73 76
83 48
18 39
21 66
22 1
67 56
38 12
83 89
98 94
2 100
27 98
39 82
21 100
66 8
94 28
10 1
75 31
89 73
57 23
87 67
26 29
45 51
72 26
24 6
77 19
85 80
67 38
65 30
79 45
41 60
74 38
57 1
53 28
80 18
29 44
54 97
32 46
30 73
74 30
78 19
69 70
80 84
31 19
38 52
48 68
88 31
80 38
13 44
47 97
7 12
54 99
63 12
31 93
19 45
5 30
10 37
83 21
21 58
67 60
57 99
39 46
50 61
16 64
40 51
94 31
82 80
3 92
62 28
58 49
97 14
7 27
93 82
40 63
61 36
2 25
65 65
87 55
84 54
66 24
40 13
82 6
43 69
66 67
94 57
22 4
44 98
90 70
21 93
51 66
67 71
74 50
36 73
24 20
20 72
64 2
78 67
57 26
91 23
29 93
54 65
73 85
42 74
89 85
17 75
97 24
90 65
5 45
8 65
83 13
41 64
30 96
52 51
6 68
80 11
74 5
48 2
65 47
78 92
81 78
61 28
93 89
86 42
80 28
87 24
37 12
97 89
19 20
27 29
58 59
3 74
42 28
78 69
2 12
20 87
72 35
100 49
20 17
2 34
82 80
3 26
66 79
15 86
88 2
100 18
83 1
23 77
42 63
59 25
90 64
48 99
3 12
43 34
15 46
52 56
87 85
73 76
70 94
6 26
60 98
79 44
73 73
52 1
66 47
100 24
62 8
80 64
80 91
64 61
47 71
86 2
83 14
100 33
41 89
10 34
47 79
45 62
68 43
46 35
46 1
41 27
97 25
97 14
58 70
42 84
85 51
53 91
69 62
3 94
80 35
42 12
61 61
59 58
71 1
89 55
28 95
80 57
75 92
69 80
100 61
35 16
60 91
24 18
44 8
52 85
96 48
64 72
16 36
5 56
94 30
29 84
60 8
84 17
14 64
73 75
4 60
62 62
65 48
65 62
52 4
95 11
55 93
38 26
15 95
81 29
73 71
76 1
51 25
65 68
63 9
44 16
37 92
87 91
10 3
71 1
100 13
66 97
87 53
87 45
57 48
34 87
8 95
43 42
1 95
20 57
84 99
67 23
73 76
55 41
53 38
86 40
27 14
44 76
94 88
4 53
13 29
82 66
48 32
35 33
29 32
64 92
87 58
99 9
8 85
3 20
65 79
42 67
79 5
67 1
90 18
84 99
61 88
51 52
50 17
36 32
47 90
29 45
81 97
43 9
91 55
10 89
82 44
5 83
90 51
71 60
86 91
89 35
61 20
97 63
93 6
55 5
30 90
80 55
74 5
74 35
47 48
27 74
68 86
46 76
100 67
65 63
40 41
1 47
14 64
30 76
42 76
62 29
80 41
43 43
70 71
92 66
58 95
58 59
51 94
12 9
16 54
55 90
47 88
84 74
65 64
38 14
50 60
18 75
58 99
63 97
25 78
48 54
17 100
64 71
76 18
98 45
91 11
66 51
72 60
28 6
61 2
7 13
11 19
18 82
78 36
70 59
32 25
45 93
48 38
21 4
43 72
5 68
48 73
57 91
80 13
8 80
29 34
26 37
57 9
6 76
38 45
36 72
66 50
27 80
13 99
37 30
87 49
35 33
59 53
15 39
16 37
58 44
48 17
66 55
71 83
45 48
22 49
34 72
55 81
23 16
99 43
31 72
3 87
7 69
28 1
1 77
17 12
14 83
77 53
95 17
65 22
65 93
17 10
85 50
45 10
21 76
74 49
29 41
93 46
8 4
3 77
77 91
47 34
68 11
61 6
37 5
50 43
13 37
83 86
22 25
35 72
37 65
45 55
66 99
75 34
47 28
64 3
23 71
13 12
86 18
92 64
87 8
99 95
1 86
6 22
100 8
17 77
35 12
13 43
33 93
71 69
19 39
28 53
1 31
32 25
9 30
98 43
59 16
47 50
92 58
17 24
8 91
56 38
99 99
86 99
18 6
38 25
45 87
8 53
7 20
70 77
87 79
99 45
35 48
67 62
2 19
34 94
36 95
50 9
37 20
87 93
1 83
56 36
88 85
31 66
89 1
68 68
54 35
37 87
65 79
99 90
72 41
31 30
37 77
68 10
45 15
24 18
4 18
65 39
35 52
81 12
91 83
78 58
98 19
4 50
12 52
24 77
6 33
46 72
45 85
34 64
33 42
4 73
49 87
9 13
90 87
67 89
63 90
26 45
23 52
13 50
70 100
37 84
3 70
41 69
39 10
62 65
95 14
15 66
65 12
44 79
70 40
94 80
85 100
30 52
81 78
40 2
92 71
59 85
32 31
22 16
98 100
10 36
52 49
35 15
86 84
43 4
35 58
40 96
35 51
17 47
31 99
49 96
54 12
91 97
82 71
58 86
75 51
3 35
6 21
26 75
63 75
34 39
31 71
18 1
93 62
35 72
2 51
1 58
78 85
79 22
98 77
72 41
33 48
68 67
59 27
16 92
94 7
63 8
9 49
49 66
73 8
5 4
35 97
83 27
47 93
33 56
78 81
5 63
47 69
23 8
22 95
71 92
31 13
62 24
52 8
32 21
64 39
17 53
45 70
88 87
49 77
44 66
83 30
71 74
5 15
35 93
56 37
16 81
55 15
19 21
2 73
12 28
22 12
85 19
29 93
94 21
28 51
85 10
33 56
86 26
29 27
6 31
57 17
17 40
32 42
18 41
2 38
64 7
45 16
6 51
24 94
54 26
6 59
18 33
81 94
47 80
39 66
91 56
97 21
92 47
17 47
21 96
13 41
54 19
72 41
58 88
7 45
41 79
44 75
14 4
82 4
29 81
99 89
4 29
100 12
25 12
49 89
25 44
40 58
93 31
75 87
58 3
93 55
77 57
30 8
17 51
63 47
2 100
25 36
27 26
6 52
71 32
9 50
3 5
7 98
30 21
5 83
79 19
13 35
91 17
98 33
28 63
13 25
45 74
46 39
15 14
62 38
8 14
76 65
10 94
36 42
80 50
29 58
81 52
100 1
46 30
2 87
75 58
63 60
74 58
88 44
62 20
65 5
14 65
28 52
80 55
32 76
26 74
15 40
62 47
95 22
34 88
80 86
31 3
100 45
67 39
37 39
14 99
34 83
26 63
2 60
80 91
41 82
62 48
4 71
14 82
25 61
57 99
91 72
55 18
23 35
46 29
99 29
65 60
26 54
31 73
17 56
22 42
77 42
82 41
37 49
55 24
1 84
72 95
15 77
45 100
76 67
8 31
14 23
90 6
18 46
46 96
8 73
34 36
85 34
93 53
49 52
33 49
64 98
81 61
84 63
29 68
27 64
32 93
77 63
23 8
70 34
73 63
61 100
65 6
66 54
96 66
8 88
58 99
19 28
81 15
79 85
3 91
39 70
51 47
73 71
13 21
42 23
28 41
69 8
25 86
30 99
53 77
100 63
79 63
10 34
90 92
32 96
7 42
30 47
6 71
70 7
84 21
59 60
81 38
54 39
35 9
96 12
89 6
19 95
37 79
80 44
45 59
78 61
84 89
34 99
71 41
3 26
14 92
34 4
52 9
1 75
62 24
54 41
81 97
6 92
59 15
54 35
13 60
16 44
54 32
87 84
69 66
92 27
39 4
7 84
18 87
5 75
28 65
60 72
83 8
100 64
88 71
29 46
59 4
40 86
68 58
50 41
61 24
99 89
71 3
24 28
56 48
19 53
30 4
92 60
1 10
55 84
61 16
43 78
100 28
50 69
69 76
39 26
80 23
88 7
25 44
41 12
7 54
66 56
42 55
49 87
54 31
7 100
89 82
10 86
7 55
71 81
11 39
34 93
2 67
28 48
70 32
85 8
94 54
89 47
89 23
11 34
2 58
14 49
4 72
99 78
82 92
95 70
13 93
74 7
6 6
8 17
15 27
14 65
61 33
73 12
57 75
80 20
21 73
27 8
48 93
97 7
31 3
42 20
26 56
48 21
99 78
92 15
10 66
81 53
72 94
69 18
65 55
50 71
80 92
99 6
95 6
27 61
4 32
41 88
57 12
61 41
11 98
62 9
66 22
73 4
34 78
56 6
12 30
45 80
58 87
5 16
7 17
74 92
63 2
24 53
77 61
19 99
63 66
69 49
96 11
10 26
66 61
4 3
70 5
42 98
67 26
83 59
95 94
7 85
22 84
18 65
92 58
1 49
85 69
5 33
48 49
78 70
11 26
66 35
29 28
85 80
26 18
52 44
17 75
82 97
15 19
43 68
50 46
64 13
94 20
12 3
2 69
87 88
27 89
80 20
24 90
75 82
54 33
32 71
20 58
35 73
8 71
5 26
21 2
61 76
57 84
74 87
87 88
86 60
9 100
91 16
42 62
69 58
46 35
17 96
7 86
78 3
4 80
19 92
24 57
62 33
63 17
14 1
68 29
81 43
100 25
50 54
75 73
94 94
79 61
49 98
18 95
79 47
100 36
76 58
21 57
83 36
95 4
74 57
53 56
14 50
7 44
38 64
40 3
16 82
48 61
19 70
65 70
54 7
89 48
4 89
43 81
31 92
55 99
100 16
59 18
39 83
91 40
75 11
31 37
16 58
8 67
40 59
42 26
40 15
29 21
26 99
15 78
28 21
98 90
81 83
11 71
47 35
63 96
17 90
36 50
68 52
79 62
65 63
15 78
52 15
97 9
12 48
14 61
34 92
64 54
6 39
94 57
15 90
73 68
2 77
26 70
80 25
76 86
11 100
37 62
15 63
56 83
15 79
96 98
63 69
79 71
76 58
74 82
41 47
28 50
30 39
63 63
57 37
52 57
58 42
91 1
54 11
39 50
57 6
51 95
89 51
11 54
56 23
14 53
58 12
10 28
28 80
9 66
11 19
66 15
53 10
29 25
65 73
70 9
88 99
39 96
75 31
92 5
84 81
81 1
19 18
34 38
56 36
15 15
65 73
32 71
3 63
89 78
40 18
45 15
56 77
10 89
93 52
80 36
14 38
81 94
10 4
43 81
4 80
20 60
20 4
27 80
13 70
28 91
69 33
22 21
81 35
22 11
60 100
86 91
45 77
40 5
86 4
8 33
93 7
45 25
71 50
41 54
33 81
74 96
99 72
49 82
19 12
40 30
32 25
75 53
48 86
88 10
71 92
95 94
38 87
1 74
18 6
84 66
24 92
86 75
12 34
31 22
35 7
62 53
42 89
82 61
60 31
74 28
43 63
50 55
65 74
27 74
36 53
11 5
61 23
97 52
23 92
20 81
62 8
12 57
92 62
50 54
71 25
58 52
73 1
78 43
97 38
43 60
94 32
11 32
46 89
23 84
78 70
84 85
36 95
65 52
92 87
60 62
20 68
15 4
77 20
24 86
63 15
31 86
94 28
46 85
56 84
81 41
51 33
41 34
80 64
78 41
1 87
84 59
94 16
12 6
94 85
24 83
9 92
53 66
56 80
29 41
40 16
98 97
22 18
40 63
63 19
49 58
90 20
5 74
8 66
5 43
99 56
30 27
24 35
85 12
48 5
64 65
65 60
39 35
40 34
35 5
64 47
46 39
18 38
19 96
79 2
76 47
29 84
30 21
29 61
74 77
54 73
45 63
85 57
56 51
72 35
17 12
15 87
17 96
72 70
3 36
26 15
5 53
42 64
48 67
87 73
42 63
19 56
100 90
24 34
33 6
30 92
72 71
84 31
76 100
69 38
6 19
24 29
13 58
32 37
63 68
90 72
77 26
36 33
45 92
61 11
86 73
50 37
68 36
78 51
72 56
19 22
48 49
70 81
34 86
97 38
71 42
81 95
58 78
60 85
16 8
100 36
98 54
88 34
62 95
85 85
34 54
63 81
74 85
21 26
71 10
63 52
4 75
44 50
58 86
15 7
31 5
34 90
20 45
19 47
30 59
20 76
32 65
8 78
91 89
83 9
89 48
19 76
6 60
19 7
12 86
90 91
80 77
25 62
36 87
41 85
62 46
97 6
3 79
100 18
90 69
16 37
44 33
96 93
80 12
34 53
13 85
64 31
63 48
52 83
56 92
73 74
25 55
41 32
84 87
14 98
58 40
84 69
86 24
41 12
83 64
9 2
68 68
48 67
41 11
60 5
20 23
95 76
31 43
30 86
13 30
52 87
15 5
15 96
100 14
46 86
84 7
16 97
2 93
58 89
61 22
4 93
96 26
96 79
28 73
19 85
86 30
21 1
46 38
4 88
94 27
69 5
94 81
35 11
81 11
25 16
83 51
86 26
57 30
97 1
49 51
36 4
67 89
77 5
100 43
28 96
62 37
34 39
65 70
3 67
6 2
52 24
52 21
18 28
14 28
59 93
56 96
39 71
21 53
74 80
26 56
39 19
23 43
7 65
85 18
18 36
3 52
54 95
46 78
33 19
25 87
68 81
45 41
81 61
68 17
89 52
64 87
96 86
5 29
97 91
37 78
20 1
91 8
93 41
69 18
100 69
62 84
51 69
76 42
41 87
3 24
23 14
1 89
92 6
17 74
92 52
23 67
57 93
82 1
39 48
43 63
71 59
30 96
54 75
45 81
28 54
66 53
57 82
41 45
67 91
8 35
15 7
60 39
60 84
24 94
12 45
49 75
7 68
33 28
27 91
98 3
67 48
91 49
92 80
13 55
6 72
43 59
90 39
43 41
29 97
57 96
25 68
38 81
60 83
18 39
22 16
71 43
91 8
5 67
81 54
30 91
83 7
88 5
91 50
58 41
91 47
19 24
4 90
78 68
23 12
21 80
100 23
91 43
97 3
8 15
69 43
53 68
9 89
32 34
90 1
19 53
75 64
47 66
93 95
66 74
44 31
17 98
37 77
10 72
39 43
38 84
24 100
86 4
7 80
60 75
65 82
39 46
73 19
50 68
28 41
71 10
1 76
49 51
45 12
60 71
18 98
8 4
52 26
61 1
33 38
41 7
7 85
52 57
85 53
95 82
8 36
16 77
65 47
95 13
63 77
91 94
99 28
80 92
43 89
40 38
55 67
82 18
40 19
35 52
51 82
23 39
42 29
75 26
93 24
7 46
89 67
15 76
65 14
57 13
100 39
10 52
78 77
15 21
8 80
47 99
33 73
41 89
55 64
60 18
84 98
30 8
54 90
90 17
95 78
94 91
78 41
65 31
68 29
97 60
98 21
12 50
27 19
12 37
1 83
80 70
74 86
81 80
69 55
82 58
60 16
56 61
87 51
52 96
42 31
5 19
50 18
77 8
33 7
57 8
24 94
43 75
87 68
53 39
96 10
30 83
99 14
97 20
39 57
19 24
44 64
83 48
12 44
92 53
87 74
15 99
77 56
39 60
60 73
34 73
69 97
99 33
83 8
57 36
65 25
87 80
81 41
2 39
14 13
5 5
11 99
30 100
52 75
23 27
56 5
80 47
58 100
61 69
73 18
19 61
33 20
24 47
6 64
9 85
35 11
69 98
36 67
91 88
31 83
60 37
49 22
86 66
96 51
81 67
66 74
39 31
28 39
11 16
20 76
2 56
4 18
84 15
35 24
13 66
67 75
29 24
58 43
10 86
91 67
37 48
73 2
87 64
70 57
52 37
47 43
69 40
45 37
12 70
29 27
4 86
4 81
31 59
32 47
87 84
83 46
25 79
100 40
19 8
13 90
58 74
92 37
62 89
65 80
77 78
59 85
10 98
74 74
36 73
41 99
93 85
29 54
58 83
12 43
90 85
33 98
26 50
8 41
37 75
46 70
1 66
58 23
92 1
11 21
12 81
83 54
92 8
64 57
71 11
99 19
66 34
91 100
36 17
100 49
67 21
15 48
29 17
5 61
75 18
67 95
82 12
31 3
50 78
31 99
65 25
54 17
28 1
13 51
27 83
39 29
66 13
78 14
53 82
100 91
2 63
15 60
11 14
30 71
70 94
94 59
91 39
30 42
3 94
64 81
70 6
24 47
75 17
20 7
47 35
54 25
61 100
99 12
13 39
14 48
1 27
79 48
9 83
90 92
30 66
97 54
59 94
93 4
14 46
82 15
90 45
95 58
64 86
75 29
66 67
81 64
8 75
56 47
45 87
35 5
12 62
57 97
9 18
55 52
55 29
77 75
46 50
2 89
57 22
28 55
67 30
100 32
35 6
42 14
24 9
96 65
77 74
45 53
93 15
46 5
71 72
2 51
82 52
52 34
49 27
10 55
59 31
26 99
65 92
83 66
57 29
3 87
47 14
11 54
93 56
78 34
52 85
51 18
71 35
83 35
50 44
45 96
27 71
33 16
5 16
83 14
61 25
77 93
82 25
19 58
71 99
100 12
42 43
72 82
52 43
45 64
57 17
38 27
36 17
81 83
77 40
91 96
44 93
70 87
69 10
25 66
63 49
85 69
2 7
86 11
52 55
60 23
28 32
42 10
37 74
96 20
100 35
32 52
45 87
47 69
61 10
69 25
94 71
57 72
26 81
90 12
59 60
23 48
78 83
94 32
14 30
62 13
22 81
92 71
9 77
46 36
82 4
77 99
28 23
2 46
97 83
53 27
34 62
27 81
62 84
36 42
54 50
90 84
81 77
72 44
37 2
67 80
9 87
62 79
68 6
51 80
22 75
58 95
62 52
6 44
96 81
42 99
6 75
45 71
59 97
98 96
29 42
100 84
97 42
95 21
7 3
15 80
48 27
90 82
51 30
54 22
95 2
89 38
80 93
12 73
51 31
9 100
65 100
51 54
21 29
24 6
76 25
98 53
52 72
47 30
64 96
57 36
92 91
60 79
98 20
11 53
34 6
44 66
8 55
11 30
64 21
64 62
26 14
100 7
80 65
82 75
49 53
26 72
21 16
44 27
67 44
65 88
44 2
94 87
34 63
30 92
88 75
72 39
22 84
60 30
12 34
85 55
6 58
33 13
61 91
53 99
37 6
39 35
3 83
7 92
6 89
24 79
47 30
48 81
31 6
64 70
82 88
63 88
92 94
86 41
17 47
14 51
50 46
83 69
24 57
1 33
57 93
44 40
23 30
68 59
41 73
16 29
91 8
63 85
28 27
7 29
9 74
34 79
15 55
43 8
73 70
88 52
88 47
89 78
27 66
68 50
86 65
18 73
5 17
96 52
61 69
77 70
93 12
63 72
83 14
22 40
62 41
99 3
23 87
71 57
9 82
57 19
6 87
20 14
68 71
46 14
64 97
35 10
4 56
33 17
17 48
27 80
24 59
54 35
65 38
43 55
69 44
87 37
24 50
77 82
35 26
26 46
25 32
92 80
57 34
27 74
79 68
99 21
52 97
45 23
62 57
56 85
82 36
40 67
85 3
17 97
23 84
76 7
98 49
8 29
20 86
95 51
98 23
54 6
60 99
13 49
49 27
8 86
81 11
19 58
84 5
25 92
28 100
94 69
51 66
48 28
3 87
71 26
28 85
90 98
90 23
64 15
90 41
88 71
60 41
81 75
33 15
57 78
26 39
27 39
92 73
56 94
28 79
47 59
63 17
58 58
36 62
46 32
7 68
59 93
75 76
45 99
26 11
32 60
45 52
29 61
80 96
84 77
89 63
52 87
73 94
56 8
27 50
51 86
30 16
38 98
41 23
14 98
7 34
43 68
48 42
91 94
96 64
55 19
49 17
100 74
16 81
47 45
21 73
15 65
31 96
80 32
58 33
4 80
33 7
8 2
24 17
70 43
29 35
5 56
21 17
31 15
50 24
4 20
6 10
67 56
47 48
95 6
74 55
14 37
62 47
9 4
34 8
72 88
90 35
85 54
30 34
32 57
15 1
56 1
30 18
10 36
74 4
39 14
42 39
85 73
58 68
39 56
20 29
80 95
77 35
66 67
37 67
76 52
9 18
95 31
21 66
54 77
48 78
86 89
69 57
37 41
55 32
56 29
17 91
13 58
26 3
49 19
49 49
19 4
11 81
4 27
21 42
67 42
70 56
69 84
37 97
55 76
59 15
83 72
39 7
26 13
89 74
22 83
1 68
35 85
12 43
17 14
35 41
30 94
82 85
2 44
27 99
96 37
47 26
71 13
91 51
97 39
17 35
71 83
60 30
10 16
32 59
49 40
50 6
8 28
30 8
31 52
11 32
23 73
85 58
93 7
65 53
2 21
81 78
98 7
27 28
6 38
74 68
50 59
33 60
41 35
67 89
17 87
25 28
4 2
81 43
71 17
74 5
67 50
69 78
29 16
95 6
80 73
55 94
8 47
76 22
67 8
87 43
1 77
60 7
15 16
74 52
96 38
11 96
28 26
47 39
16 19
12 18
50 93
32 14
32 81
13 100
38 79
46 53
25 48
35 19
94 27
83 73
83 34
9 92
13 35
65 42
9 82
46 64
55 81
24 35
32 6
81 93
8 83
3 28
8 84
66 11
51 1
38 66
27 54
89 76
61 31
71 87
50 44
80 26
54 77
85 38
36 69
17 4
77 85
77 51
14 36
93 50
76 37
70 8
92 72
66 18
7 94
90 60
69 36
83 83
47 21
98 60
100 34
40 18
69 70
64 61
76 90
57 53
59 16
12 65
8 98
34 27
58 70
17 77
73 38
66 9
40 37
40 27
39 28
53 42
8 95
19 41
77 97
46 76
51 55
87 67
71 76
5 82
9 58
34 85
45 31
84 65
42 16
93 34
83 45
14 38
26 7
26 36
31 93
51 15
9 19
89 54
5 25
63 33
97 96
23 50
83 95
15 3
95 70
71 64
2 84
46 6
69 28
39 83
5 79
15 13
58 7
63 89
52 75
41 49
70 44
78 74
24 40
9 12
29 33
12 5
60 56
31 45
26 13
21 64
99 85
77 66
45 12
41 70
17 53
21 12
48 78
55 33
19 92
51 18
87 76
95 6
51 16
71 20
62 7
46 26
27 66
2 34
13 50
28 2
36 42
25 94
22 3
36 60
42 5
36 2
2 52
23 12
14 36
74 29
62 22
69 26
42 44
48 11
51 12
17 84
86 58
53 21
91 23
90 22
12 5
43 49
81 40
92 36
30 71
31 89
36 2
14 11
92 55
83 88
88 28
29 57
87 36
29 97
94 91
46 34
16 32
43 19
91 75
7 20
14 31
53 43
54 74
12 53
6 93
44 94
89 41
90 43
13 38
79 7
28 60
73 25
84 60
23 58
62 48
50 85
82 53
95 42
8 84
96 50
49 59
24 11
30 47
27 77
51 13
64 1
55 45
46 1
78 67
17 100
25 10
31 6
95 15
49 65
89 48
35 50
30 89
66 68
31 44
80 93
62 57
98 79
9 18
45 21
52 64
72 73
79 14
54 8
49 61
84 23
58 62
81 31
9 49
36 94
65 22
18 6
16 67
7 12
58 63
26 23
98 88
14 60
89 29
10 29
89 48
13 13
57 50
73 3
80 55
72 8
93 22
21 91
82 99
43 41
32 41
29 82
13 63
14 52
100 17
9 77
51 33
44 19
76 32
76 88
90 48
100 36
29 46
41 12
10 64
83 89
32 67
30 44
70 64
59 32
92 98
17 15
45 41
31 57
68 85
13 36
28 10
18 40
43 97
83 59
84 31
93 93
36 51
23 99
26 27
71 32
51 7
85 11
20 28
33 64
90 45
66 21
86 65
49 49
61 68
45 19
63 73
15 4
75 34
77 22
73 22
15 86
18 31
49 20
32 57
28 36
56 99
93 69
24 94
26 25
74 66
30 19
88 99
57 86
40 37
88 48
56 87
40 31
46 40
91 47
18 46
50 49
67 57
37 13
3 25
70 36
14 39
51 34
74 77
23 65
77 17
23 32
58 94
89 52
27 25
96 73
22 65
31 90
54 71
15 37
53 94
7 12
65 44
82 100
62 18
34 91
95 67
18 42
72 69
31 73
26 41
93 68
84 51
1 42
20 49
8 14
13 15
67 46
40 49
68 66
33 23
60 9
22 24
23 15
24 35
84 21
21 75
49 35
69 96
41 65
46 11
84 63
90 15
77 18
18 53
56 98
34 32
24 62
86 96
27 41
64 61
17 95
52 98
73 12
14 97
37 52
3 97
97 40
67 95
17 33
55 6
32 91
6 64
17 73
92 47
29 92
38 75
32 96
91 69
93 60
67 47
31 24
30 65
100 23
98 90
13 32
78 4
99 89
10 66
7 77
71 24
96 25
43 43
57 86
49 61
100 61
11 13
67 78
42 31
88 18
69 58
5 61
58 3
97 37
90 77
50 83
42 37
68 38
4 55
82 72
34 88
35 75
11 25
27 96
8 27
56 59
89 25
79 38
34 4
61 11
63 76
15 40
29 83
31 45
47 11
33 1
51 99
32 2
8 37
53 69
16 35
58 90
92 26
41 90
89 69
16 54
78 15
99 24
1 59
92 6
98 11
25 96
29 91
85 77
7 63
4 58
49 19
6 60
73 36
61 43
22 66
19 66
47 7
85 79
27 70
88 96
43 93
35 79
13 55
80 93
71 63
53 50
16 87
61 62
96 6
56 15
35 6
73 43
33 41
90 98
49 16
39 19
54 36
44 82
40 78
38 91
59 44
22 43
62 4
91 82
74 57
84 82
49 14
10 41
58 80
87 6
82 66
23 18
42 70
67 34
45 60
51 95
86 81
7 21
92 80
24 22
34 73
71 22
85 25
35 80
52 90
24 27
38 59
29 70
67 83
37 55
64 16
59 35
24 80
8 34
78 16
2 33
76 60
71 62
14 8
88 43
99 26
99 48
87 19
60 40
69 12
32 47
14 47
55 3
62 92
40 76
20 58
73 92
20 2
11 40
41 3
32 56
30 37
58 19
32 63
23 12
68 43
81 6
96 42
39 91
23 41
3 1
32 49
69 93
29 92
77 23
28 8
26 6
34 93
25 53
90 12
88 13
84 94
5 64
40 38
3 86
32 34
36 11
11 78
89 64
64 91
100 26
31 21
76 81
1 46
30 71
44 11
59 97
80 78
15 43
48 71
97 16
45 42
20 74
33 20
99 54
38 33
83 72
23 98
44 41
78 65
68 100
63 23
41 72
66 55
100 71
23 78
17 91
51 47
5 49
47 4
33 77
75 59
13 100
97 88
13 24
13 38
30 69
9 29
38 3
24 62
60 60
98 43
29 20
34 1
95 97
30 29
60 38
4 31
91 95
14 27
99 79
4 72
79 70
43 56
5 55
21 92
78 28
39 36
78 34
90 9
55 82
32 25
81 79
78 5
48 35
17 32
84 28
57 41
3 3
4 42
49 49
81 17
38 54
55 97
5 11
97 78
70 41
96 86
65 11
65 56
60 72
26 81
100 75
48 1
46 63
46 66
54 35
16 81
37 24
6 78
48 65
80 84
24 42
93 87
54 69
94 37
19 85
81 51
29 60
73 2
73 23
60 10
87 41
37 68
7 57
84 67
23 36
94 15
86 15
4 36
50 13
78 40
62 94
87 27
76 17
100 2
28 3
10 57
38 22
7 29
22 29
23 11
47 14
27 10
96 11
74 8
12 68
15 82
99 10
87 29
87 56
53 4
44 58
53 61
8 96
34 7
5 61
24 31
15 28
34 47
100 74
77 59
70 13
49 64
75 67
52 32
76 11
3 37
87 17
67 70
16 33
18 11
39 18
86 46
40 56
45 74
26 22
12 93
98 99
26 64
31 32
97 65
17 76
18 89
56 79
50 34
13 69
56 44
12 5
38 50
63 79
18 38
12 32
19 40
49 62
70 30
85 19
12 31
39 77
83 99
19 51
65 98
8 7
81 17
41 86
7 14
72 59
95 61
98 70
56 48
19 50
33 15
85 92
88 98
91 32
94 92
72 72
56 74
14 17
39 53
94 15
35 25
61 44
66 13
92 76
45 27
97 64
18 22
63 83
98 16
3 51
22 37
62 35
99 42
38 36
67 77
74 98
47 72
39 84
71 89
100 47
91 36
36 4
99 90
95 90
73 54
37 64
40 69
29 24
88 79
72 21
11 97
93 37
27 55
30 71
9 59
63 73
9 33
63 4
33 14
31 41
90 73
91 9
13 21
7 65
52 40
58 88
49 24
28 72
78 14
10 64
56 66
64 30
55 5
59 27
70 13
62 54
43 18
8 72
76 12
6 16
76 8
48 91
50 47
65 100
18 17
89 8
1 54
92 16
59 37
27 60
31 20
46 76
82 28
86 18
20 4
24 95
98 87
27 97
83 35
64 81
35 30
77 85
89 100
51 82
42 72
81 55
97 83
77 19
93 40
22 35
15 75
16 35
62 21
57 68
100 73
66 4
8 68
44 57
19 70
16 36
2 14
35 84
71 41
58 75
60 50
86 75
90 69
88 61
4 15
85 90
8 83
19 51
83 76
83 40
90 59
12 15
13 97
45 67
44 53
40 98
38 83
98 40
17 21
61 22
40 28
80 47
65 71
40 39
16 37
43 62
77 87
24 12
33 41
51 81
1 57
52 48
20 59
42 28
61 13
36 26
24 72
49 19
66 44
20 67
9 56
64 83
22 31
90 2
36 50
50 89
41 81
81 8
13 83
53 7
30 91
15 47
75 44
61 43
79 45
95 42
8 60
72 87
25 69
25 33
73 1
10 96
60 30
41 71
14 93
40 33
89 94
8 67
72 16
66 50
79 31
24 7
27 85
79 28
7 97
7 7
68 51
20 70
30 1
23 55
100 13
65 2
85 60
96 54
52 29
46 26
59 95
78 46
2 85
7 52
72 43
53 83
33 81
22 16
100 75
3 49
57 70
83 69
9 99
78 91
53 96
21 2
83 77
35 96
12 25
20 66
86 55
26 35
91 59
96 100
75 34
95 11
100 1
61 14
70 59
80 29
67 48
97 36
45 29
58 3
50 74
51 76
69 48
77 45
12 46
94 12
93 58
61 62
49 62
53 54
47 92
66 16
82 23
75 9
87 49
33 71
53 77
33 22
35 61
39 29
6 71
21 43
29 4
14 72
15 43
100 34
53 10
18 25
52 39
7 19
3 65
45 12
74 69
1 49
6 67
48 78
20 96
72 54
72 14
77 81
23 26
84 71
98 82
67 41
69 41
100 18
38 79
18 67
72 30
24 84
7 95
3 81
19 5
63 22
43 7
56 97
60 19
21 9
91 64
17 96
96 85
91 86
54 63
32 49
59 10
64 3
37 36
49 76
38 32
30 85
56 59
45 94
40 68
8 91
44 94
21 75
53 18
90 69
14 1
59 42
17 31
70 45
99 82
5 97
67 75
27 29
11 87
12 9
25 87
53 88
81 73
79 26
13 20
67 67
58 8
27 83
95 64
69 16
20 97
26 64
38 79
3 27
88 13
55 43
40 96
70 23
100 18
85 22
21 16
36 88
91 30
56 55
79 70
5 81
20 76
20 71
47 61
10 93
18 13
74 62
27 32
36 96
91 14
3 44
89 59
80 46
85 94
87 87
13 36
21 60
24 90
33 52
70 90
65 2
71 39
63 48
89 36
23 55
94 20
77 71
21 62
41 100
29 14
71 83
8 33
91 89
17 19
6 85
71 43
10 7
12 7
77 89
64 24
39 8
67 11
21 18
50 72
22 54
27 69
47 97
78 41
53 20
1 11
80 23
3 88
13 88
7 53
24 20
56 58
84 4
60 63
15 57
40 71
33 21
5 9
48 84
90 45
93 66
68 48
71 5
38 89
28 33
91 47
52 95
55 70
76 84
76 75
80 88
53 68
28 12
86 16
48 31
34 76
37 89
39 13
94 43
33 69
97 59
31 28
22 79
55 74
97 55
36 91
63 76
6 52
96 21
86 75
16 90
41 68
53 71
42 32
15 15
12 44
65 74
65 41
11 80
65 52
27 32
22 4
6 34
96 27
44 45
35 1
50 97
26 62
36 20
21 93
53 47
1 88
1 28
77 91
61 46
88 97
40 53
47 86
92 98
44 3
32 35
64 91
18 36
45 8
9 41
36 72
86 81
80 97
16 39
17 97
54 99
43 28
12 82
18 65
55 94
18 50
88 53
24 87
83 50
45 13
28 89
45 97
28 73
59 36
90 100
95 29
56 19
84 75
54 68
55 3
92 27
78 7
42 48
19 58
30 60
24 73
63 48
50 94
5 35
63 3
94 55
30 16
84 51
99 88
92 20
58 100
63 88
22 55
51 29
38 81
31 86
61 78
84 57
53 35
93 6
38 90
86 99
96 28
3 73
74 37
11 32
27 59
39 55
79 77
77 5
33 39
24 86
31 7
93 67
17 98
37 55
93 28
57 48
60 34
62 6
50 27
35 85
72 48
82 57
35 84
9 88
77 40
27 80
74 49
71 94
83 7
57 46
51 62
13 87
82 22
84 99
92 12
7 15
49 50
29 67
79 59
90 48
55 91
30 19
89 85
50 32
42 89
40 29
86 29
46 76
42 77
10 43
69 6
5 38
36 52
74 22
48 42
81 25
33 9
52 35
52 8
98 13
86 25
80 25
22 48
33 4
12 47
43 53
8 64
91 42
76 9
91 45
64 24
33 94
76 27
74 72
81 54
36 51
12 35
11 75
77 76
27 6
48 88
18 35
13 4
47 74
67 20
56 37
78 5
1 42
91 42
15 65
21 9
92 53
43 88
99 43
41 16
68 74
39 24
10 99
13 97
81 6
71 16
19 25
33 4
16 52
5 33
1 19
35 99
45 73
81 38
60 82
30 77
47 92
27 99
88 18
58 100
68 8
44 84
53 76
20 78
45 58
19 34
45 9
62 22
17 1
1 35
12 84
60 49
63 57
36 48
18 57
47 96
81 56
28 59
65 34
86 61
32 53
75 30
43 63
45 60
23 86
74 4
95 40
41 82
51 51
55 58
16 68
46 20
97 15
34 10
6 77
24 36
23 31
41 10
78 83
96 96
78 74
28 19
50 96
89 50
21 99
6 27
67 65
56 87
44 70
86 70
40 54
61 89
5 41
58 84
31 40
81 84
100 42
37 33
10 31
94 4
92 20
85 61
43 76
6 69
71 56
93 18
46 51
98 75
43 7
32 63
14 20
41 1
13 61
3 40
68 63
14 78
15 20
11 7
42 69
24 61
38 96
74 22
93 25
56 14
55 83
79 12
2 58
7 20
48 18
8 49
9 33
36 67
56 55
84 21
71 10
28 31
26 35
79 25
79 88
25 87
39 71
61 70
68 43
10 89
40 47
17 66
84 38
37 69
11 88
76 59
69 96
39 17
15 28
1 45
2 63
31 35
10 46
41 38
32 50
85 1
97 68
40 66
2 41
44 50
62 89
34 24
3 45
8 5
84 95
78 64
44 65
58 62
42 26
100 49
53 58
21 45
91 99
84 100
24 93
58 45
28 19
7 52
6 97
86 25
34 15
71 4
4 16
15 23
59 27
18 39
37 64
57 96
49 77
84 55
91 19
8 21
92 74
63 4
35 76
50 46
77 38
53 76
81 7
2 32
60 20
15 31
91 9
24 93
81 95
61 37
75 68
93 4
12 53
62 51
40 77
3 26
68 10
88 62
69 59
55 47
24 77
86 61
98 38
21 36
71 47
86 45
18 26
46 81
82 13
92 5
2 33
84 7
94 48
45 55
8 67
61 71
23 40
57 83
27 8
95 4
78 49
26 35
85 80
32 60
18 75
7 38
29 89
9 52
84 61
24 13
13 48
96 94
21 62
36 68
85 64
81 6
59 75
26 60
3 22
44 40
50 36
72 90
28 71
95 38
66 29
81 45
44 47
64 57
28 16
91 10
11 22
73 14
73 35
89 22
50 16
81 1
64 77
65 50
10 21
88 18
54 19
36 61
44 98
31 8
73 71
39 83
18 54
80 71
98 53
54 75
98 14
37 83
45 39
78 15
66 77
17 49
46 55
35 100
78 17
73 66
72 24
43 3
2 71
27 99
87 57
36 78
80 2
48 90
18 79
95 92
42 12
28 39
27 57
71 48
96 9
95 11
47 97
97 91
75 36
16 82
21 46
88 78
9 96
67 25
13 25
98 18
13 17
59 6
54 53
7 49
80 62
39 9
94 52
73 89
24 6
40 35
46 44
47 74
14 96
64 91
66 69
17 4
86 76
86 41
51 65
82 95
68 13
11 87
82 6
99 56
2 68
55 73
20 56
32 96
69 91
2 3
37 92
27 71
23 58
41 13
31 5
39 50
63 24
9 8
48 34
3 56
71 4
88 19
53 8
96 74
72 94
59 23
27 93
94 27
74 76
96 67
20 73
58 1
79 57
38 66
69 9
77 26
73 47
56 80
1 46
80 24
16 52
7 97
58 16
84 54
97 33
2 43
76 73
42 39
58 80
34 96
5 88
13 58
36 53
93 98
22 19
64 19
54 68
76 17
74 53
98 43
16 36
28 30
7 78
58 27
12 33
67 82
92 73
78 10
60 11
71 63
24 100
25 65
8 100
19 45
3 12
85 29
15 55
1 77
9 87
53 76
88 66
12 34
29 11
26 78
86 84
31 37
59 4
59 80
85 50
43 9
39 16
24 93
27 72
64 36
24 43
76 4
99 41
49 56
38 28
5 33
58 78
48 28
51 38
95 43
66 88
78 99
39 27
57 46
27 38
85 26
26 60
87 27
84 28
64 18
26 3
89 93
40 41
86 95
91 99
3 46
40 62
39 32
92 38
95 74
51 10
40 11
50 100
90 44
22 20
1 51
28 91
56 11
43 51
89 64
73 23
13 54
78 49
79 69
49 18
48 40
51 54
80 53
9 15
23 90
88 45
83 20
95 5
52 12
99 29
23 58
91 95
98 71
41 24
33 44
1 7
7 77
38 95
42 42
33 97
62 67
97 1
13 92
57 44
1 15
83 50
20 93
86 19
76 75
77 18
52 2
15 76
46 17
75 87
86 45
28 5
29 36
44 72
32 83
4 19
51 91
83 16
94 65
17 13
38 54
23 97
27 54
83 39
6 24
9 95
8 94
90 75
67 64
66 29
12 93
78 19
6 36
36 23
5 16
79 11
27 1
41 19
98 9
53 55
88 91
89 61
27 25
50 63
1 42
47 5
29 61
82 46
49 2
16 55
61 90
80 95
52 23
63 29
4 10
25 55
77 59
2 64
41 18
26 66
31 82
29 7
19 36
20 84
40 47
72 5
86 64
13 50
98 48
11 17
55 38
47 62
14 26
35 52
49 19
5 12
95 17
83 93
31 60
12 84
88 91
95 44
45 47
39 88
20 88
40 85
95 26
25 53
46 45
26 63
51 82
56 40
29 90
12 89
36 9
9 60
83 62
70 50
63 1
1 38
89 83
5 36
61 95
83 73
88 95
5 79
49 72
4 85
18 17
48 66
81 17
78 1
85 44
51 19
62 18
46 55
22 85
13 80
72 54
44 49
62 81
83 19
19 60
54 31
90 60
96 96
19 40
35 39
88 79
77 49
18 67
80 2
23 82
2 25
93 78
72 60
75 76
39 51
81 70
97 44
96 89
43 47
28 36
41 2
15 43
11 83
14 57
78 35
32 100
40 3
36 25
37 68
33 66
25 55
84 46
90 92
1 90
98 82
14 38
10 94
68 97
50 76
30 59
54 100
14 66
58 59
51 4
37 12
58 74
15 36
91 83
24 73
68 72
98 10
29 79
90 73
87 13
55 4
52 61
19 47
25 74
53 21
77 61
38 82
36 28
37 60
45 24
79 18
39 84
49 34
15 46
18 17
25 61
4 68
44 84
18 23
43 84
72 10
69 68
36 29
50 17
41 14
95 2
2 57
73 30
9 7
21 15
13 2
9 21
36 67
10 97
91 21
82 47
78 10
18 65
7 27
65 94
10 34
45 26
85 17
2 20
18 57
15 89
22 45
10 100
14 11
3 17
45 97
85 34
8 45
91 68
28 15
15 75
92 62
12 82
41 78
10 52
8 63
54 86
94 100
17 92
27 3
32 50
84 13
67 58
50 32
65 27
68 77
80 16
54 58
68 58
54 83
97 90
14 7
62 12
47 91
62 24
73 6
4 17
79 39
8 70
98 14
56 41
100 49
60 91
9 54
38 85
75 17
31 25
49 46
24 91
15 5
91 41
27 19
63 2
7 75
61 4
55 85
65 61
26 16
12 35
61 92
89 24
19 71
38 86
19 71
92 15
22 14
12 77
72 13
49 25
72 85
56 30
67 70
97 14
25 5
4 85
59 44
38 85
48 95
70 84
97 29
42 9
23 38
52 53
31 12
22 78
71 52
27 49
62 45
12 91
86 37
69 8
46 29
66 68
47 83
87 32
66 2
80 82
33 86
26 83
56 11
88 23
72 63
7 78
5 30
20 33
88 24
75 90
43 14
41 95
41 35
27 96
6 6
62 39
87 79
58 79
12 11
61 32
42 83
81 5
89 79
87 3
95 41
97 76
41 89
49 49
59 82
59 7
18 10
87 57
64 14
28 49
30 54
97 6
57 46
3 22
12 52
48 95
14 44
48 37
49 85
84 91
82 66
23 29
17 8
68 88
16 74
98 78
22 8
30 78
86 53
53 56
39 82
39 36
57 52
26 64
68 13
43 48
72 83
86 40
66 36
62 5
77 33
75 36
39 8
82 65
10 75
